fold,method,alpha,type,K,TopN,RMSE,MAD,Precision,Recall
1,pcc,1.4500000000000004,optimized,10,5,1.0299404266310894,0.8176712017940959,0.6728172499116296,0.7165288343759124
1,pcc,1.4500000000000004,optimized,10,10,1.0299404266310894,0.8176712017940959,0.6315709740948341,0.8758977616214929
1,pcc,1.4500000000000004,optimized,10,15,1.0299404266310894,0.8176712017940959,0.6104564753027107,0.9443430132381018
1,pcc,1.4500000000000004,optimized,10,20,1.0299404266310894,0.8176712017940959,0.5975167707609622,0.9747646192519973
1,pcc,1.4500000000000004,optimized,10,25,1.0299404266310894,0.8176712017940959,0.5904027031235878,0.9886451649647332
1,pcc,1.4500000000000004,optimized,10,30,1.0299404266310894,0.8176712017940959,0.5863919919003852,0.9951447891197114
1,pcc,1.4500000000000004,optimized,10,35,1.0299404266310894,0.8176712017940959,0.5842249086802616,0.9975297421301087
1,pcc,1.4500000000000004,optimized,10,40,1.0299404266310894,0.8176712017940959,0.5832943360217212,0.9990590579590174
1,pcc,1.4500000000000004,optimized,10,45,1.0299404266310894,0.8176712017940959,0.582911932055141,0.9996184657943016
1,pcc,1.4500000000000004,optimized,10,50,1.0299404266310894,0.8176712017940959,0.5826512733817983,0.9998483242015227
1,pcc,1.0,baseline,10,5,1.0275129176393445,0.8161948193653683,0.6730293389890422,0.7174077468421856
1,pcc,1.0,baseline,10,10,1.0275129176393445,0.8161948193653683,0.631464929556128,0.875508552795896
1,pcc,1.0,baseline,10,15,1.0275129176393445,0.8161948193653683,0.6106685643801233,0.9445177671757327
1,pcc,1.0,baseline,10,20,1.0275129176393445,0.8161948193653683,0.5974637484916091,0.9745986444411987
1,pcc,1.0,baseline,10,25,1.0275129176393445,0.8161948193653683,0.5903178674926227,0.9884745912286307
1,pcc,1.0,baseline,10,30,1.0275129176393445,0.8161948193653683,0.5864980364390914,0.9953101184673095
1,pcc,1.0,baseline,10,35,1.0275129176393445,0.8161948193653683,0.5842249086802616,0.9975297421301087
1,pcc,1.0,baseline,10,40,1.0275129176393445,0.8161948193653683,0.5832678248870445,0.998974340913948
1,pcc,1.0,baseline,10,45,1.0275129176393445,0.8161948193653683,0.582911932055141,0.9996184657943016
1,pcc,1.0,baseline,10,50,1.0275129176393445,0.8161948193653683,0.5826512733817983,0.9998483242015227
1,pcc,2.5,optimized,20,5,1.0170793578977402,0.8072886837254667,0.679179922234005,0.7191242543389373
1,pcc,2.5,optimized,20,10,1.0170793578977402,0.8072886837254667,0.6337979094076656,0.8779885832482673
1,pcc,2.5,optimized,20,15,1.0170793578977402,0.8072886837254667,0.6106685643801233,0.9445370297935485
1,pcc,2.5,optimized,20,20,1.0170793578977402,0.8072886837254667,0.5984181493399653,0.9757033897047371
1,pcc,2.5,optimized,20,25,1.0170793578977402,0.8072886837254667,0.5903602853081052,0.9885560574329784
1,pcc,2.5,optimized,20,30,1.0170793578977402,0.8072886837254667,0.5864626882595227,0.9951996519446559
1,pcc,2.5,optimized,20,35,1.0170793578977402,0.8072886837254667,0.5844369977576741,0.9979088122685651
1,pcc,2.5,optimized,20,40,1.0170793578977402,0.8072886837254667,0.5832943360217212,0.9990068662080371
1,pcc,2.5,optimized,20,45,1.0170793578977402,0.8072886837254667,0.5829354975081869,0.9996564424007119
1,pcc,2.5,optimized,20,50,1.0170793578977402,0.8072886837254667,0.5826512733817983,0.9998483242015227
1,pcc,1.0,baseline,20,5,1.0053891664162342,0.8007530000188569,0.6827854365500176,0.7225008454488347
1,pcc,1.0,baseline,20,10,1.0053891664162342,0.8007530000188569,0.6358127556430845,0.8807612311897395
1,pcc,1.0,baseline,20,15,1.0053891664162342,0.8007530000188569,0.6110927425349483,0.944923096802099
1,pcc,1.0,baseline,20,20,1.0053891664162342,0.8007530000188569,0.5979409489157871,0.9750827699152635
1,pcc,1.0,baseline,20,25,1.0053891664162342,0.8007530000188569,0.5905723743855177,0.9888921848878456
1,pcc,1.0,baseline,20,30,1.0053891664162342,0.8007530000188569,0.5863566437208164,0.9950646313632188
1,pcc,1.0,baseline,20,35,1.0053891664162342,0.8007530000188569,0.5842855055595222,0.9976401791668675
1,pcc,1.0,baseline,20,40,1.0053891664162342,0.8007530000188569,0.5832678248870445,0.9989786977905515
1,pcc,1.0,baseline,20,45,1.0053891664162342,0.8007530000188569,0.5829590629612327,0.9996944190071223
1,pcc,1.0,baseline,20,50,1.0053891664162342,0.8007530000188569,0.5826724822895395,0.9998863008079331
1,pcc,2.9999999999999982,optimized,30,5,1.0178313726383106,0.8072216913145521,0.6802403676210675,0.71931270034982
1,pcc,2.9999999999999982,optimized,30,10,1.0178313726383106,0.8072216913145521,0.6335858203302529,0.8776756110305098
1,pcc,2.9999999999999982,optimized,30,15,1.0178313726383106,0.8072216913145521,0.6117290097671859,0.9459487664803086
1,pcc,2.9999999999999982,optimized,30,20,1.0178313726383106,0.8072216913145521,0.5982060602625527,0.9755531246559895
1,pcc,2.9999999999999982,optimized,30,25,1.0178313726383106,0.8072216913145521,0.5905723743855178,0.9888812045432691
1,pcc,2.9999999999999982,optimized,30,30,1.0178313726383106,0.8072216913145521,0.5864626882595227,0.9952149480777934
1,pcc,2.9999999999999982,optimized,30,35,1.0178313726383106,0.8072216913145521,0.5844066993180438,0.9978803059122833
1,pcc,2.9999999999999982,optimized,30,40,1.0178313726383106,0.8072216913145521,0.5832943360217211,0.999047555429191
1,pcc,2.9999999999999982,optimized,30,45,1.0178313726383106,0.8072216913145521,0.5829590629612327,0.9996854245477094
1,pcc,2.9999999999999982,optimized,30,50,1.0178313726383106,0.8072216913145521,0.5826512733817983,0.9998483242015227
1,pcc,1.0,baseline,30,5,1.0010493025350402,0.7977279111318162,0.6827854365500176,0.7220473307933669
1,pcc,1.0,baseline,30,10,1.0010493025350402,0.7977279111318162,0.6363429783366157,0.8812031140877177
1,pcc,1.0,baseline,30,15,1.0010493025350402,0.7977279111318162,0.6116583134080483,0.9453150394005408
1,pcc,1.0,baseline,30,20,1.0010493025350402,0.7977279111318162,0.5982590825319059,0.9756007222320974
1,pcc,1.0,baseline,30,25,1.0010493025350402,0.7977279111318162,0.5904875387545526,0.9887953447033941
1,pcc,1.0,baseline,30,30,1.0010493025350402,0.7977279111318162,0.5865333846186601,0.9953373097798687
1,pcc,1.0,baseline,30,35,1.0010493025350402,0.7977279111318162,0.5842855055595223,0.9976540613717317
1,pcc,1.0,baseline,30,40,1.0010493025350402,0.7977279111318162,0.583241313752368,0.998940721184141
1,pcc,1.0,baseline,30,45,1.0010493025350402,0.7977279111318162,0.5829826284142786,0.9997234011541198
1,pcc,1.0,baseline,30,50,1.0010493025350402,0.7977279111318162,0.5826724822895395,0.9998863008079331
1,pcc,3.5,optimized,40,5,1.0226049455504487,0.8101242095122648,0.6789678331565924,0.71840611675325
1,pcc,3.5,optimized,40,10,1.0226049455504487,0.8101242095122648,0.6339039539463717,0.8783841269050253
1,pcc,3.5,optimized,40,15,1.0226049455504487,0.8101242095122648,0.6111634388940859,0.9453371040755975
1,pcc,3.5,optimized,40,20,1.0226049455504487,0.8101242095122648,0.5980469934544934,0.9753509089126771
1,pcc,3.5,optimized,40,25,1.0226049455504487,0.8101242095122648,0.5906147922010003,0.9888586334152422
1,pcc,3.5,optimized,40,30,1.0226049455504487,0.8101242095122648,0.586427340079954,0.9951010559337669
1,pcc,3.5,optimized,40,35,1.0226049455504487,0.8101242095122648,0.584346102438783,0.9978403403350004
1,pcc,3.5,optimized,40,40,1.0226049455504487,0.8101242095122648,0.5832943360217211,0.999047555429191
1,pcc,3.5,optimized,40,45,1.0226049455504487,0.8101242095122648,0.5829590629612327,0.9996854245477094
1,pcc,3.5,optimized,40,50,1.0226049455504487,0.8101242095122648,0.5826512733817983,0.9998483242015227
1,pcc,1.0,baseline,40,5,0.9994310454708298,0.7968014247591763,0.6821491693177801,0.7197291537762143
1,pcc,1.0,baseline,40,10,0.9994310454708298,0.7968014247591763,0.6368732010301469,0.8812791355475885
1,pcc,1.0,baseline,40,15,0.9994310454708298,0.7968014247591763,0.6114462243306358,0.9450874384927705
1,pcc,1.0,baseline,40,20,0.9994310454708298,0.7968014247591763,0.5981000157238466,0.975507866271729
1,pcc,1.0,baseline,40,25,0.9994310454708298,0.7968014247591763,0.5905299565700353,0.9888138849614718
1,pcc,1.0,baseline,40,30,0.9994310454708298,0.7968014247591763,0.586427340079954,0.9951056942132995
1,pcc,1.0,baseline,40,35,0.9994310454708298,0.7968014247591763,0.5841340133613705,0.9974283137260964
1,pcc,1.0,baseline,40,40,0.9994310454708298,0.7968014247591763,0.5832678248870445,0.9989697033311384
1,pcc,1.0,baseline,40,45,0.9994310454708298,0.7968014247591763,0.5829590629612327,0.9996854245477094
1,pcc,1.0,baseline,40,50,0.9994310454708298,0.7968014247591763,0.5826724822895395,0.9998863008079331
1,pcc,3.5,optimized,50,5,1.0216369347094414,0.8094020315512537,0.6793920113114175,0.7186713733795881
1,pcc,3.5,optimized,50,10,1.0216369347094414,0.8094020315512537,0.6341160430237842,0.878658280675875
1,pcc,3.5,optimized,50,15,1.0216369347094414,0.8094020315512537,0.6112341352532233,0.9453197647096351
1,pcc,3.5,optimized,50,20,1.0216369347094414,0.8094020315512537,0.5979939711851402,0.9752690900823074
1,pcc,3.5,optimized,50,25,1.0216369347094414,0.8094020315512537,0.5903178674926227,0.9884754161504475
1,pcc,3.5,optimized,50,30,1.0216369347094414,0.8094020315512537,0.5863919919003853,0.9950720737867694
1,pcc,3.5,optimized,50,35,1.0216369347094414,0.8094020315512537,0.5843764008784135,0.9978783169414108
1,pcc,3.5,optimized,50,40,1.0216369347094414,0.8094020315512537,0.5832943360217211,0.999047555429191
1,pcc,3.5,optimized,50,45,1.0216369347094414,0.8094020315512537,0.5829590629612327,0.9996854245477094
1,pcc,3.5,optimized,50,50,1.0216369347094414,0.8094020315512537,0.5826512733817983,0.9998483242015227
1,pcc,1.0,baseline,50,5,0.9990051399431679,0.7968492755016974,0.6842700600919053,0.7224780820447926
1,pcc,1.0,baseline,50,10,0.9990051399431679,0.7968492755016974,0.6368732010301469,0.8815366745013656
1,pcc,1.0,baseline,50,15,0.9990051399431679,0.7968492755016974,0.6116583134080482,0.945312259336895
1,pcc,1.0,baseline,50,20,0.9990051399431679,0.7968492755016974,0.5981530379931997,0.9755324256800064
1,pcc,1.0,baseline,50,25,0.9990051399431679,0.7968492755016974,0.5906572100164827,0.9890012934087923
1,pcc,1.0,baseline,50,30,0.9990051399431679,0.7968492755016974,0.5863566437208164,0.9950571589665264
1,pcc,1.0,baseline,50,35,0.9990051399431679,0.7968492755016974,0.5842249086802617,0.9975316605901768
1,pcc,1.0,baseline,50,40,0.9990051399431679,0.7968492755016974,0.5832678248870445,0.9989697033311384
1,pcc,1.0,baseline,50,45,0.9990051399431679,0.7968492755016974,0.5829590629612327,0.9996854245477094
1,pcc,1.0,baseline,50,50,0.9990051399431679,0.7968492755016974,0.5826724822895395,0.9998863008079331
1,pcc,3.5,optimized,60,5,1.021289206791624,0.8092190942640688,0.680028278543655,0.7187896523928428
1,pcc,3.5,optimized,60,10,1.021289206791624,0.8092190942640688,0.6342220875624905,0.8787343599045844
1,pcc,3.5,optimized,60,15,1.021289206791624,0.8092190942640688,0.6111634388940859,0.9450170819424788
1,pcc,3.5,optimized,60,20,1.021289206791624,0.8092190942640688,0.5979939711851402,0.9752690900823074
1,pcc,3.5,optimized,60,25,1.021289206791624,0.8092190942640688,0.5903178674926228,0.9884864293663065
1,pcc,3.5,optimized,60,30,1.021289206791624,0.8092190942640688,0.5863919919003853,0.9950720737867694
1,pcc,3.5,optimized,60,35,1.021289206791624,0.8092190942640688,0.5844066993180438,0.9979191066297776
1,pcc,3.5,optimized,60,40,1.021289206791624,0.8092190942640688,0.5832943360217211,0.999047555429191
1,pcc,3.5,optimized,60,45,1.021289206791624,0.8092190942640688,0.5829590629612327,0.9996854245477094
1,pcc,3.5,optimized,60,50,1.021289206791624,0.8092190942640688,0.5826512733817983,0.9998483242015227
1,pcc,1.0,baseline,60,5,0.9994310009872909,0.7975884460089204,0.6842700600919053,0.7221035797051556
1,pcc,1.0,baseline,60,10,0.9994310009872909,0.7975884460089204,0.637297379184972,0.8816039743383289
1,pcc,1.0,baseline,60,15,0.9994310009872909,0.7975884460089204,0.6113755279714983,0.9451124167970456
1,pcc,1.0,baseline,60,20,0.9994310009872909,0.7975884460089204,0.597887926646434,0.9752904472015651
1,pcc,1.0,baseline,60,25,0.9994310009872909,0.7975884460089204,0.5907420456474477,0.989121140753161
1,pcc,1.0,baseline,60,30,0.9994310009872909,0.7975884460089204,0.5862859473616788,0.9950046443070096
1,pcc,1.0,baseline,60,35,0.9994310009872909,0.7975884460089204,0.5841946102406312,0.9974668769674766
1,pcc,1.0,baseline,60,40,0.9994310009872909,0.7975884460089204,0.5832943360217211,0.9990137561945747
1,pcc,1.0,baseline,60,45,0.9994310009872909,0.7975884460089204,0.5829590629612327,0.9996854245477094
1,pcc,1.0,baseline,60,50,0.9994310009872909,0.7975884460089204,0.5826724822895395,0.9998863008079331
1,pcc,3.5,optimized,70,5,1.0209959813180676,0.8090081370764372,0.6793920113114176,0.7184880644584484
1,pcc,3.5,optimized,70,10,1.0209959813180676,0.8090081370764372,0.6337979094076656,0.8784471623982241
1,pcc,3.5,optimized,70,15,1.0209959813180676,0.8090081370764372,0.6113755279714984,0.9453350473956228
1,pcc,3.5,optimized,70,20,1.0209959813180676,0.8090081370764372,0.5979939711851402,0.9752690900823074
1,pcc,3.5,optimized,70,25,1.0209959813180676,0.8090081370764372,0.5903602853081052,0.9886062790683019
1,pcc,3.5,optimized,70,30,1.0209959813180676,0.8090081370764372,0.5863919919003853,0.9950720737867694
1,pcc,3.5,optimized,70,35,1.0209959813180676,0.8090081370764372,0.5843764008784135,0.9978811300233673
1,pcc,3.5,optimized,70,40,1.0209959813180676,0.8090081370764372,0.5832943360217211,0.999047555429191
1,pcc,3.5,optimized,70,45,1.0209959813180676,0.8090081370764372,0.5829590629612327,0.9996854245477094
1,pcc,3.5,optimized,70,50,1.0209959813180676,0.8090081370764372,0.5826512733817983,0.9998483242015227
1,pcc,1.0,baseline,70,5,0.9995237528100925,0.7978514661400534,0.6832096147048426,0.7216107912958937
1,pcc,1.0,baseline,70,10,0.9995237528100925,0.7978514661400534,0.6375094682623845,0.8817259897656595
1,pcc,1.0,baseline,70,15,0.9995237528100925,0.7978514661400534,0.6113755279714983,0.9450745738830029
1,pcc,1.0,baseline,70,20,0.9995237528100925,0.7978514661400534,0.5978879266464341,0.9751416504342836
1,pcc,1.0,baseline,70,25,0.9995237528100925,0.7978514661400534,0.5906996278319653,0.9890332034695364
1,pcc,1.0,baseline,70,30,0.9995237528100925,0.7978514661400534,0.5862859473616788,0.9949893481738721
1,pcc,1.0,baseline,70,35,0.9995237528100925,0.7978514661400534,0.5842249086802617,0.9975455427950413
1,pcc,1.0,baseline,70,40,0.9995237528100925,0.7978514661400534,0.5832943360217211,0.9990137561945747
1,pcc,1.0,baseline,70,45,0.9995237528100925,0.7978514661400534,0.5829590629612327,0.9996854245477094
1,pcc,1.0,baseline,70,50,0.9995237528100925,0.7978514661400534,0.5826724822895395,0.9998863008079331
1,pcc,4.0,optimized,80,5,1.0291132697509302,0.8143568135884793,0.6789678331565924,0.7193989514789167
1,pcc,4.0,optimized,80,10,1.0291132697509302,0.8143568135884793,0.6333737312528404,0.8780537116427948
1,pcc,4.0,optimized,80,15,1.0291132697509302,0.8143568135884793,0.6107392607392608,0.9447042560229767
1,pcc,4.0,optimized,80,20,1.0291132697509302,0.8143568135884793,0.5982060602625527,0.9753977480756257
1,pcc,4.0,optimized,80,25,1.0291132697509302,0.8143568135884793,0.5903178674926227,0.9884407794443304
1,pcc,4.0,optimized,80,30,1.0291132697509302,0.8143568135884793,0.5863566437208164,0.9950602233088861
1,pcc,4.0,optimized,80,35,1.0291132697509302,0.8143568135884793,0.5844066993180438,0.9979191066297776
1,pcc,4.0,optimized,80,40,1.0291132697509302,0.8143568135884793,0.5832943360217212,0.9990068662080371
1,pcc,4.0,optimized,80,45,1.0291132697509302,0.8143568135884793,0.5829590629612327,0.9996854245477094
1,pcc,4.0,optimized,80,50,1.0291132697509302,0.8143568135884793,0.5826300644740571,0.9998103475951122
1,pcc,1.0,baseline,80,5,1.00008234710379,0.7982946897985448,0.6838458819370803,0.7226540904070212
1,pcc,1.0,baseline,80,10,1.00008234710379,0.7982946897985448,0.6378276018785032,0.8822749550971136
1,pcc,1.0,baseline,80,15,1.00008234710379,0.7982946897985448,0.6111634388940858,0.944819125220561
1,pcc,1.0,baseline,80,20,1.00008234710379,0.7982946897985448,0.5977818821077276,0.9750369992107534
1,pcc,1.0,baseline,80,25,1.00008234710379,0.7982946897985448,0.5905723743855177,0.9888519896759879
1,pcc,1.0,baseline,80,30,1.00008234710379,0.7982946897985448,0.5862505991821101,0.9949434597744595
1,pcc,1.0,baseline,80,35,1.00008234710379,0.7982946897985448,0.5842249086802617,0.9975455427950413
1,pcc,1.0,baseline,80,40,1.00008234710379,0.7982946897985448,0.5832943360217211,0.9990137561945747
1,pcc,1.0,baseline,80,45,1.00008234710379,0.7982946897985448,0.5829590629612327,0.9996854245477094
1,pcc,1.0,baseline,80,50,1.00008234710379,0.7982946897985448,0.5826724822895395,0.9998863008079331
1,pcc,4.0,optimized,90,5,1.0290308348552655,0.8143053849318885,0.6787557440791798,0.7193609748725063
1,pcc,4.0,optimized,90,10,1.0290308348552655,0.8143053849318885,0.6334797757915468,0.8782223705442859
1,pcc,4.0,optimized,90,15,1.0290308348552655,0.8143053849318885,0.6108099570983984,0.9447889730680461
1,pcc,4.0,optimized,90,20,1.0290308348552655,0.8143053849318885,0.5981530379931997,0.9753190822480613
1,pcc,4.0,optimized,90,25,1.0290308348552655,0.8143053849318885,0.5902754496771402,0.9883621136167658
1,pcc,4.0,optimized,90,30,1.0290308348552655,0.8143053849318885,0.5863566437208164,0.9950602233088861
1,pcc,4.0,optimized,90,35,1.0290308348552655,0.8143053849318885,0.5844066993180438,0.9979191066297776
1,pcc,4.0,optimized,90,40,1.0290308348552655,0.8143053849318885,0.5832943360217212,0.9990068662080371
1,pcc,4.0,optimized,90,45,1.0290308348552655,0.8143053849318885,0.5829590629612327,0.9996854245477094
1,pcc,4.0,optimized,90,50,1.0290308348552655,0.8143053849318885,0.5826300644740571,0.9998103475951122
1,pcc,1.0,baseline,90,5,1.000473581954012,0.7987009438162047,0.6832096147048426,0.7222656224139278
1,pcc,1.0,baseline,90,10,1.000473581954012,0.7987009438162047,0.6371913346462657,0.881511339149441
1,pcc,1.0,baseline,90,15,1.000473581954012,0.7987009438162047,0.6110927425349483,0.9448470146096839
1,pcc,1.0,baseline,90,20,1.000473581954012,0.7987009438162047,0.597834904377081,0.975043851643648
1,pcc,1.0,baseline,90,25,1.000473581954012,0.7987009438162047,0.5905723743855177,0.9888519896759879
1,pcc,1.0,baseline,90,30,1.000473581954012,0.7987009438162047,0.5862505991821101,0.9949434597744595
1,pcc,1.0,baseline,90,35,1.000473581954012,0.7987009438162047,0.5841946102406312,0.997480759172341
1,pcc,1.0,baseline,90,40,1.000473581954012,0.7987009438162047,0.5832943360217211,0.9990137561945747
1,pcc,1.0,baseline,90,45,1.000473581954012,0.7987009438162047,0.5829590629612327,0.9996854245477094
1,pcc,1.0,baseline,90,50,1.000473581954012,0.7987009438162047,0.5826724822895395,0.9998863008079331
1,pcc,4.0,optimized,100,5,1.0289824445783986,0.8142436508547037,0.6787557440791798,0.7193019975273375
1,pcc,4.0,optimized,100,10,1.0289824445783986,0.8142436508547037,0.6333737312528404,0.8781390276972737
1,pcc,4.0,optimized,100,15,1.0289824445783986,0.8142436508547037,0.6108806534575358,0.9448807498668713
1,pcc,4.0,optimized,100,20,1.0289824445783986,0.8142436508547037,0.5981530379931997,0.9753190822480613
1,pcc,4.0,optimized,100,25,1.0289824445783986,0.8142436508547037,0.5902754496771402,0.9883621136167658
1,pcc,4.0,optimized,100,30,1.0289824445783986,0.8142436508547037,0.5863212955412476,0.9949815574813217
1,pcc,4.0,optimized,100,35,1.0289824445783986,0.8142436508547037,0.5844066993180438,0.9979191066297776
1,pcc,4.0,optimized,100,40,1.0289824445783986,0.8142436508547037,0.5832943360217212,0.9990068662080371
1,pcc,4.0,optimized,100,45,1.0289824445783986,0.8142436508547037,0.5829590629612327,0.9996854245477094
1,pcc,4.0,optimized,100,50,1.0289824445783986,0.8142436508547037,0.5826300644740571,0.9998103475951122
1,pcc,1.0,baseline,100,5,1.000685051455687,0.798834793845184,0.6840579710144927,0.7226898934439255
1,pcc,1.0,baseline,100,10,1.000685051455687,0.798834793845184,0.6375094682623845,0.8816967953960753
1,pcc,1.0,baseline,100,15,1.000685051455687,0.798834793845184,0.6113048316123608,0.9451265808584132
1,pcc,1.0,baseline,100,20,1.000685051455687,0.798834793845184,0.5976228152996684,0.9748217363658188
1,pcc,1.0,baseline,100,25,1.000685051455687,0.798834793845184,0.5905723743855177,0.9888257677334662
1,pcc,1.0,baseline,100,30,1.000685051455687,0.798834793845184,0.5862152510025415,0.9949144776274621
1,pcc,1.0,baseline,100,35,1.000685051455687,0.798834793845184,0.5841946102406312,0.9975031842725064
1,pcc,1.0,baseline,100,40,1.000685051455687,0.798834793845184,0.5832943360217211,0.9990137561945747
1,pcc,1.0,baseline,100,45,1.000685051455687,0.798834793845184,0.5829590629612327,0.9996854245477094
1,pcc,1.0,baseline,100,50,1.000685051455687,0.798834793845184,0.5826724822895395,0.9998863008079331
1,cosine,1.0,optimized,10,5,1.016648157436658,0.8131796829857634,0.6802403676210675,0.7192201596113449
1,cosine,1.0,optimized,10,10,1.016648157436658,0.8131796829857634,0.6332676867141342,0.8770699112603938
1,cosine,1.0,optimized,10,15,1.016648157436658,0.8131796829857634,0.6101736898661607,0.9441651731839389
1,cosine,1.0,optimized,10,20,1.016648157436658,0.8131796829857634,0.5973046816835496,0.9742370126683957
1,cosine,1.0,optimized,10,25,1.016648157436658,0.8131796829857634,0.5899361071532803,0.9879581809529236
1,cosine,1.0,optimized,10,30,1.016648157436658,0.8131796829857634,0.5862152510025415,0.9949837588406951
1,cosine,1.0,optimized,10,35,1.016648157436658,0.8131796829857634,0.5843158039991526,0.9977732627298848
1,cosine,1.0,optimized,10,40,1.016648157436658,0.8131796829857634,0.5832413137523679,0.9987905418372602
1,cosine,1.0,optimized,10,45,1.016648157436658,0.8131796829857634,0.5829354975081869,0.999609701962053
1,cosine,1.0,optimized,10,50,1.016648157436658,0.8131796829857634,0.5826088555663158,0.9997903599075277
1,cosine,1.0,baseline,10,5,1.016648157436658,0.8131796829857634,0.6802403676210675,0.7192201596113449
1,cosine,1.0,baseline,10,10,1.016648157436658,0.8131796829857634,0.6332676867141342,0.8770699112603938
1,cosine,1.0,baseline,10,15,1.016648157436658,0.8131796829857634,0.6101736898661607,0.9441651731839389
1,cosine,1.0,baseline,10,20,1.016648157436658,0.8131796829857634,0.5973046816835496,0.9742370126683957
1,cosine,1.0,baseline,10,25,1.016648157436658,0.8131796829857634,0.5899361071532803,0.9879581809529236
1,cosine,1.0,baseline,10,30,1.016648157436658,0.8131796829857634,0.5862152510025415,0.9949837588406951
1,cosine,1.0,baseline,10,35,1.016648157436658,0.8131796829857634,0.5843158039991526,0.9977732627298848
1,cosine,1.0,baseline,10,40,1.016648157436658,0.8131796829857634,0.5832413137523679,0.9987905418372602
1,cosine,1.0,baseline,10,45,1.016648157436658,0.8131796829857634,0.5829354975081869,0.999609701962053
1,cosine,1.0,baseline,10,50,1.016648157436658,0.8131796829857634,0.5826088555663158,0.9997903599075277
1,cosine,1.0,optimized,20,5,1.0038521351733742,0.8037258328938994,0.6787557440791798,0.7175181468736435
1,cosine,1.0,optimized,20,10,1.0038521351733742,0.8037258328938994,0.6351764884108468,0.8797209478068901
1,cosine,1.0,optimized,20,15,1.0038521351733742,0.8037258328938994,0.6109513498166733,0.9446963249096612
1,cosine,1.0,optimized,20,20,1.0038521351733742,0.8037258328938994,0.5970925926061371,0.9739690024952793
1,cosine,1.0,optimized,20,25,1.0038521351733742,0.8037258328938994,0.5900633605997277,0.9881269084955075
1,cosine,1.0,optimized,20,30,1.0038521351733742,0.8037258328938994,0.586144554643404,0.9948372628407602
1,cosine,1.0,optimized,20,35,1.0038521351733742,0.8037258328938994,0.5842855055595222,0.9977292349059692
1,cosine,1.0,optimized,20,40,1.0038521351733742,0.8037258328938994,0.5832678248870445,0.9988675133239235
1,cosine,1.0,optimized,20,45,1.0038521351733742,0.8037258328938994,0.5829354975081869,0.9996654368601249
1,cosine,1.0,optimized,20,50,1.0038521351733742,0.8037258328938994,0.5826088555663158,0.9997903599075277
1,cosine,1.0,baseline,20,5,1.0038521351733742,0.8037258328938994,0.6787557440791798,0.7175181468736435
1,cosine,1.0,baseline,20,10,1.0038521351733742,0.8037258328938994,0.6351764884108468,0.8797209478068901
1,cosine,1.0,baseline,20,15,1.0038521351733742,0.8037258328938994,0.6109513498166733,0.9446963249096612
1,cosine,1.0,baseline,20,20,1.0038521351733742,0.8037258328938994,0.5970925926061371,0.9739690024952793
1,cosine,1.0,baseline,20,25,1.0038521351733742,0.8037258328938994,0.5900633605997277,0.9881269084955075
1,cosine,1.0,baseline,20,30,1.0038521351733742,0.8037258328938994,0.586144554643404,0.9948372628407602
1,cosine,1.0,baseline,20,35,1.0038521351733742,0.8037258328938994,0.5842855055595222,0.9977292349059692
1,cosine,1.0,baseline,20,40,1.0038521351733742,0.8037258328938994,0.5832678248870445,0.9988675133239235
1,cosine,1.0,baseline,20,45,1.0038521351733742,0.8037258328938994,0.5829354975081869,0.9996654368601249
1,cosine,1.0,baseline,20,50,1.0038521351733742,0.8037258328938994,0.5826088555663158,0.9997903599075277
1,cosine,1.0000000000000004,optimized,30,5,1.0003160196840826,0.7996385952865575,0.6851184164015554,0.723433065465498
1,cosine,1.0000000000000004,optimized,30,10,1.0003160196840826,0.7996385952865575,0.6352825329495531,0.8804126982509168
1,cosine,1.0000000000000004,optimized,30,15,1.0003160196840826,0.7996385952865575,0.6116583134080483,0.9453500896491362
1,cosine,1.0000000000000004,optimized,30,20,1.0003160196840826,0.7996385952865575,0.5978349043770809,0.9747911581978135
1,cosine,1.0000000000000004,optimized,30,25,1.0003160196840826,0.7996385952865575,0.5903602853081051,0.9884800446518488
1,cosine,1.0000000000000004,optimized,30,30,1.0003160196840826,0.7996385952865575,0.5863566437208164,0.9951982114588322
1,cosine,1.0000000000000004,optimized,30,35,1.0003160196840826,0.7996385952865575,0.5842249086802616,0.9976026371527963
1,cosine,1.0000000000000004,optimized,30,40,1.0003160196840826,0.7996385952865575,0.5832413137523679,0.9988295367175131
1,cosine,1.0000000000000004,optimized,30,45,1.0003160196840826,0.7996385952865575,0.5829354975081869,0.9996157531795579
1,cosine,1.0000000000000004,optimized,30,50,1.0003160196840826,0.7996385952865575,0.5826088555663158,0.9997903599075277
1,cosine,1.0,baseline,30,5,1.0003160196840826,0.7996385952865575,0.6851184164015554,0.723433065465498
1,cosine,1.0,baseline,30,10,1.0003160196840826,0.7996385952865575,0.6352825329495531,0.8804126982509168
1,cosine,1.0,baseline,30,15,1.0003160196840826,0.7996385952865575,0.6116583134080483,0.9453500896491362
1,cosine,1.0,baseline,30,20,1.0003160196840826,0.7996385952865575,0.5978349043770809,0.9747911581978135
1,cosine,1.0,baseline,30,25,1.0003160196840826,0.7996385952865575,0.5903602853081051,0.9884800446518488
1,cosine,1.0,baseline,30,30,1.0003160196840826,0.7996385952865575,0.5863566437208164,0.9951982114588322
1,cosine,1.0,baseline,30,35,1.0003160196840826,0.7996385952865575,0.5842249086802616,0.9976026371527963
1,cosine,1.0,baseline,30,40,1.0003160196840826,0.7996385952865575,0.5832413137523679,0.9988295367175131
1,cosine,1.0,baseline,30,45,1.0003160196840826,0.7996385952865575,0.5829354975081869,0.9996157531795579
1,cosine,1.0,baseline,30,50,1.0003160196840826,0.7996385952865575,0.5826088555663158,0.9997903599075277
1,cosine,1.0,optimized,40,5,1.0015911444078578,0.8001511850317888,0.6857546836337928,0.7251333914272906
1,cosine,1.0,optimized,40,10,1.0015911444078578,0.8001511850317888,0.6349643993334344,0.879292582989411
1,cosine,1.0,optimized,40,15,1.0015911444078578,0.8001511850317888,0.6122945806402859,0.9460103030460485
1,cosine,1.0,optimized,40,20,1.0015911444078578,0.8001511850317888,0.5976758375690215,0.9747134637347621
1,cosine,1.0,optimized,40,25,1.0015911444078578,0.8001511850317888,0.5904875387545526,0.9885518063939518
1,cosine,1.0,optimized,40,30,1.0015911444078578,0.8001511850317888,0.586144554643404,0.9948530246250574
1,cosine,1.0,optimized,40,35,1.0015911444078578,0.8001511850317888,0.5842249086802616,0.9975739779143352
1,cosine,1.0,optimized,40,40,1.0015911444078578,0.8001511850317888,0.5832678248870445,0.9989142537625826
1,cosine,1.0,optimized,40,45,1.0015911444078578,0.8001511850317888,0.5829354975081869,0.9996067587201449
1,cosine,1.0,optimized,40,50,1.0015911444078578,0.8001511850317888,0.5826088555663158,0.9997903599075277
1,cosine,1.0,baseline,40,5,1.0015911444078578,0.8001511850317888,0.6857546836337928,0.7251333914272906
1,cosine,1.0,baseline,40,10,1.0015911444078578,0.8001511850317888,0.6349643993334344,0.879292582989411
1,cosine,1.0,baseline,40,15,1.0015911444078578,0.8001511850317888,0.6122945806402859,0.9460103030460485
1,cosine,1.0,baseline,40,20,1.0015911444078578,0.8001511850317888,0.5976758375690215,0.9747134637347621
1,cosine,1.0,baseline,40,25,1.0015911444078578,0.8001511850317888,0.5904875387545526,0.9885518063939518
1,cosine,1.0,baseline,40,30,1.0015911444078578,0.8001511850317888,0.586144554643404,0.9948530246250574
1,cosine,1.0,baseline,40,35,1.0015911444078578,0.8001511850317888,0.5842249086802616,0.9975739779143352
1,cosine,1.0,baseline,40,40,1.0015911444078578,0.8001511850317888,0.5832678248870445,0.9989142537625826
1,cosine,1.0,baseline,40,45,1.0015911444078578,0.8001511850317888,0.5829354975081869,0.9996067587201449
1,cosine,1.0,baseline,40,50,1.0015911444078578,0.8001511850317888,0.5826088555663158,0.9997903599075277
1,cosine,1.0,optimized,50,5,1.0028810327273083,0.8016637893750695,0.6840579710144927,0.7242596627294818
1,cosine,1.0,optimized,50,10,1.0028810327273083,0.8016637893750695,0.6348583547947281,0.879382983361566
1,cosine,1.0,optimized,50,15,1.0028810327273083,0.8016637893750695,0.6120117952037358,0.9460342355961417
1,cosine,1.0,optimized,50,20,1.0028810327273083,0.8016637893750695,0.5976228152996684,0.9747266943810245
1,cosine,1.0,optimized,50,25,1.0028810327273083,0.8016637893750695,0.5902330318616578,0.9883284463876361
1,cosine,1.0,optimized,50,30,1.0028810327273083,0.8016637893750695,0.5860738582842663,0.9947357934157555
1,cosine,1.0,optimized,50,35,1.0028810327273083,0.8016637893750695,0.5841643118010008,0.997416898393269
1,cosine,1.0,optimized,50,40,1.0028810327273083,0.8016637893750695,0.5832413137523679,0.9988434997280202
1,cosine,1.0,optimized,50,45,1.0028810327273083,0.8016637893750695,0.5829590629612327,0.9996854245477094
1,cosine,1.0,optimized,50,50,1.0028810327273083,0.8016637893750695,0.5826088555663158,0.9997903599075277
1,cosine,1.0,baseline,50,5,1.0028810327273083,0.8016637893750695,0.6840579710144927,0.7242596627294818
1,cosine,1.0,baseline,50,10,1.0028810327273083,0.8016637893750695,0.6348583547947281,0.879382983361566
1,cosine,1.0,baseline,50,15,1.0028810327273083,0.8016637893750695,0.6120117952037358,0.9460342355961417
1,cosine,1.0,baseline,50,20,1.0028810327273083,0.8016637893750695,0.5976228152996684,0.9747266943810245
1,cosine,1.0,baseline,50,25,1.0028810327273083,0.8016637893750695,0.5902330318616578,0.9883284463876361
1,cosine,1.0,baseline,50,30,1.0028810327273083,0.8016637893750695,0.5860738582842663,0.9947357934157555
1,cosine,1.0,baseline,50,35,1.0028810327273083,0.8016637893750695,0.5841643118010008,0.997416898393269
1,cosine,1.0,baseline,50,40,1.0028810327273083,0.8016637893750695,0.5832413137523679,0.9988434997280202
1,cosine,1.0,baseline,50,45,1.0028810327273083,0.8016637893750695,0.5829590629612327,0.9996854245477094
1,cosine,1.0,baseline,50,50,1.0028810327273083,0.8016637893750695,0.5826088555663158,0.9997903599075277
1,cosine,1.0,optimized,60,5,1.0031807520161395,0.8018102474743912,0.6840579710144927,0.7248745015739462
1,cosine,1.0,optimized,60,10,1.0031807520161395,0.8018102474743912,0.6343281321011968,0.87892475063304
1,cosine,1.0,optimized,60,15,1.0031807520161395,0.8018102474743912,0.6115169206897733,0.9452156854780782
1,cosine,1.0,optimized,60,20,1.0031807520161395,0.8018102474743912,0.5975697930303152,0.9746803214678911
1,cosine,1.0,optimized,60,25,1.0031807520161395,0.8018102474743912,0.5904451209390702,0.9885960034638474
1,cosine,1.0,optimized,60,30,1.0031807520161395,0.8018102474743912,0.5860385101046975,0.9946793288328591
1,cosine,1.0,optimized,60,35,1.0031807520161395,0.8018102474743912,0.5841643118010008,0.997413368516391
1,cosine,1.0,optimized,60,40,1.0031807520161395,0.8018102474743912,0.5832413137523679,0.9988434997280202
1,cosine,1.0,optimized,60,45,1.0031807520161395,0.8018102474743912,0.5829354975081869,0.9996474479412989
1,cosine,1.0,optimized,60,50,1.0031807520161395,0.8018102474743912,0.5826088555663158,0.9997903599075277
1,cosine,1.0,baseline,60,5,1.0031807520161395,0.8018102474743912,0.6840579710144927,0.7248745015739462
1,cosine,1.0,baseline,60,10,1.0031807520161395,0.8018102474743912,0.6343281321011968,0.87892475063304
1,cosine,1.0,baseline,60,15,1.0031807520161395,0.8018102474743912,0.6115169206897733,0.9452156854780782
1,cosine,1.0,baseline,60,20,1.0031807520161395,0.8018102474743912,0.5975697930303152,0.9746803214678911
1,cosine,1.0,baseline,60,25,1.0031807520161395,0.8018102474743912,0.5904451209390702,0.9885960034638474
1,cosine,1.0,baseline,60,30,1.0031807520161395,0.8018102474743912,0.5860385101046975,0.9946793288328591
1,cosine,1.0,baseline,60,35,1.0031807520161395,0.8018102474743912,0.5841643118010008,0.997413368516391
1,cosine,1.0,baseline,60,40,1.0031807520161395,0.8018102474743912,0.5832413137523679,0.9988434997280202
1,cosine,1.0,baseline,60,45,1.0031807520161395,0.8018102474743912,0.5829354975081869,0.9996474479412989
1,cosine,1.0,baseline,60,50,1.0031807520161395,0.8018102474743912,0.5826088555663158,0.9997903599075277
1,cosine,1.0,optimized,70,5,1.0041273845386862,0.8027389878175639,0.6829975256274301,0.7235025889389151
1,cosine,1.0,optimized,70,10,1.0041273845386862,0.8027389878175639,0.6366611119527344,0.8813972661645946
1,cosine,1.0,optimized,70,15,1.0041273845386862,0.8027389878175639,0.6113048316123607,0.9453197479070055
1,cosine,1.0,optimized,70,20,1.0041273845386862,0.8027389878175639,0.5973046816835497,0.9742737451463315
1,cosine,1.0,optimized,70,25,1.0041273845386862,0.8027389878175639,0.5903602853081052,0.9884514615492858
1,cosine,1.0,optimized,70,30,1.0041273845386862,0.8027389878175639,0.5858971173864227,0.9944527311716931
1,cosine,1.0,optimized,70,35,1.0041273845386862,0.8027389878175639,0.5841946102406311,0.9974557270389257
1,cosine,1.0,optimized,70,40,1.0041273845386862,0.8027389878175639,0.5832678248870445,0.9989221655555847
1,cosine,1.0,optimized,70,45,1.0041273845386862,0.8027389878175639,0.582911932055141,0.9995687821137345
1,cosine,1.0,optimized,70,50,1.0041273845386862,0.8027389878175639,0.5826300644740571,0.9998283365139382
1,cosine,1.0,baseline,70,5,1.0041273845386862,0.8027389878175639,0.6829975256274301,0.7235025889389151
1,cosine,1.0,baseline,70,10,1.0041273845386862,0.8027389878175639,0.6366611119527344,0.8813972661645946
1,cosine,1.0,baseline,70,15,1.0041273845386862,0.8027389878175639,0.6113048316123607,0.9453197479070055
1,cosine,1.0,baseline,70,20,1.0041273845386862,0.8027389878175639,0.5973046816835497,0.9742737451463315
1,cosine,1.0,baseline,70,25,1.0041273845386862,0.8027389878175639,0.5903602853081052,0.9884514615492858
1,cosine,1.0,baseline,70,30,1.0041273845386862,0.8027389878175639,0.5858971173864227,0.9944527311716931
1,cosine,1.0,baseline,70,35,1.0041273845386862,0.8027389878175639,0.5841946102406311,0.9974557270389257
1,cosine,1.0,baseline,70,40,1.0041273845386862,0.8027389878175639,0.5832678248870445,0.9989221655555847
1,cosine,1.0,baseline,70,45,1.0041273845386862,0.8027389878175639,0.582911932055141,0.9995687821137345
1,cosine,1.0,baseline,70,50,1.0041273845386862,0.8027389878175639,0.5826300644740571,0.9998283365139382
1,cosine,1.0,optimized,80,5,1.0051788942271953,0.8037680755285487,0.6827854365500178,0.7231272896787038
1,cosine,1.0,optimized,80,10,1.0051788942271953,0.8037680755285487,0.6356006665656719,0.8801806772776024
1,cosine,1.0,optimized,80,15,1.0051788942271953,0.8037680755285487,0.6111634388940858,0.9447337087035831
1,cosine,1.0,optimized,80,20,1.0051788942271953,0.8037680755285487,0.5973046816835497,0.9742783558951355
1,cosine,1.0,optimized,80,25,1.0051788942271953,0.8037680755285487,0.5903602853081052,0.9884237211233073
1,cosine,1.0,optimized,80,30,1.0051788942271953,0.8037680755285487,0.5859324655659914,0.9945720611808908
1,cosine,1.0,optimized,80,35,1.0051788942271953,0.8037680755285487,0.5841946102406311,0.9974822011155101
1,cosine,1.0,optimized,80,40,1.0051788942271953,0.8037680755285487,0.5832943360217211,0.9989601421619951
1,cosine,1.0,optimized,80,45,1.0051788942271953,0.8037680755285487,0.582911932055141,0.9995687821137345
1,cosine,1.0,optimized,80,50,1.0051788942271953,0.8037680755285487,0.5826300644740571,0.9998283365139382
1,cosine,1.0,baseline,80,5,1.0051788942271953,0.8037680755285487,0.6827854365500178,0.7231272896787038
1,cosine,1.0,baseline,80,10,1.0051788942271953,0.8037680755285487,0.6356006665656719,0.8801806772776024
1,cosine,1.0,baseline,80,15,1.0051788942271953,0.8037680755285487,0.6111634388940858,0.9447337087035831
1,cosine,1.0,baseline,80,20,1.0051788942271953,0.8037680755285487,0.5973046816835497,0.9742783558951355
1,cosine,1.0,baseline,80,25,1.0051788942271953,0.8037680755285487,0.5903602853081052,0.9884237211233073
1,cosine,1.0,baseline,80,30,1.0051788942271953,0.8037680755285487,0.5859324655659914,0.9945720611808908
1,cosine,1.0,baseline,80,35,1.0051788942271953,0.8037680755285487,0.5841946102406311,0.9974822011155101
1,cosine,1.0,baseline,80,40,1.0051788942271953,0.8037680755285487,0.5832943360217211,0.9989601421619951
1,cosine,1.0,baseline,80,45,1.0051788942271953,0.8037680755285487,0.582911932055141,0.9995687821137345
1,cosine,1.0,baseline,80,50,1.0051788942271953,0.8037680755285487,0.5826300644740571,0.9998283365139382
1,cosine,1.0,optimized,90,5,1.0063055533774987,0.804671850246364,0.68045245669848,0.7198481257442535
1,cosine,1.0,optimized,90,10,1.0063055533774987,0.804671850246364,0.6356006665656719,0.8798718551179654
1,cosine,1.0,optimized,90,15,1.0063055533774987,0.804671850246364,0.6109513498166733,0.9446045554537538
1,cosine,1.0,optimized,90,20,1.0063055533774987,0.804671850246364,0.5975167707609621,0.9745247149197436
1,cosine,1.0,optimized,90,25,1.0063055533774987,0.804671850246364,0.5904875387545526,0.9886580973568665
1,cosine,1.0,optimized,90,30,1.0063055533774987,0.804671850246364,0.5859678137455602,0.9945152864459862
1,cosine,1.0,optimized,90,35,1.0063055533774987,0.804671850246364,0.5841643118010008,0.9974398425929752
1,cosine,1.0,optimized,90,40,1.0063055533774987,0.804671850246364,0.5832678248870445,0.9989221655555847
1,cosine,1.0,optimized,90,45,1.0063055533774987,0.804671850246364,0.582911932055141,0.9995687821137345
1,cosine,1.0,optimized,90,50,1.0063055533774987,0.804671850246364,0.5826300644740571,0.9998283365139382
1,cosine,1.0,baseline,90,5,1.0063055533774987,0.804671850246364,0.68045245669848,0.7198481257442535
1,cosine,1.0,baseline,90,10,1.0063055533774987,0.804671850246364,0.6356006665656719,0.8798718551179654
1,cosine,1.0,baseline,90,15,1.0063055533774987,0.804671850246364,0.6109513498166733,0.9446045554537538
1,cosine,1.0,baseline,90,20,1.0063055533774987,0.804671850246364,0.5975167707609621,0.9745247149197436
1,cosine,1.0,baseline,90,25,1.0063055533774987,0.804671850246364,0.5904875387545526,0.9886580973568665
1,cosine,1.0,baseline,90,30,1.0063055533774987,0.804671850246364,0.5859678137455602,0.9945152864459862
1,cosine,1.0,baseline,90,35,1.0063055533774987,0.804671850246364,0.5841643118010008,0.9974398425929752
1,cosine,1.0,baseline,90,40,1.0063055533774987,0.804671850246364,0.5832678248870445,0.9989221655555847
1,cosine,1.0,baseline,90,45,1.0063055533774987,0.804671850246364,0.582911932055141,0.9995687821137345
1,cosine,1.0,baseline,90,50,1.0063055533774987,0.804671850246364,0.5826300644740571,0.9998283365139382
1,cosine,1.0000000000000004,optimized,100,5,1.007148453388472,0.8054214092593047,0.680876634853305,0.7191047734039849
1,cosine,1.0000000000000004,optimized,100,10,1.007148453388472,0.8054214092593047,0.6344341766399031,0.8792206070721528
1,cosine,1.0000000000000004,optimized,100,15,1.007148453388472,0.8054214092593047,0.6110220461758108,0.9446858773571151
1,cosine,1.0000000000000004,optimized,100,20,1.007148453388472,0.8054214092593047,0.5974107262222559,0.9743659167522319
1,cosine,1.0000000000000004,optimized,100,25,1.007148453388472,0.8054214092593047,0.5905299565700353,0.9887160616508615
1,cosine,1.0000000000000004,optimized,100,30,1.007148453388472,0.8054214092593047,0.5859678137455602,0.9945152864459862
1,cosine,1.0000000000000004,optimized,100,35,1.007148453388472,0.8054214092593047,0.5841643118010008,0.9974398425929752
1,cosine,1.0000000000000004,optimized,100,40,1.007148453388472,0.8054214092593047,0.5832678248870445,0.9989221655555847
1,cosine,1.0000000000000004,optimized,100,45,1.007148453388472,0.8054214092593047,0.582911932055141,0.9995687821137345
1,cosine,1.0000000000000004,optimized,100,50,1.007148453388472,0.8054214092593047,0.5826300644740571,0.9998283365139382
1,cosine,1.0,baseline,100,5,1.007148453388472,0.8054214092593047,0.680876634853305,0.7191047734039849
1,cosine,1.0,baseline,100,10,1.007148453388472,0.8054214092593047,0.6344341766399031,0.8792206070721528
1,cosine,1.0,baseline,100,15,1.007148453388472,0.8054214092593047,0.6110220461758108,0.9446858773571151
1,cosine,1.0,baseline,100,20,1.007148453388472,0.8054214092593047,0.5974107262222559,0.9743659167522319
1,cosine,1.0,baseline,100,25,1.007148453388472,0.8054214092593047,0.5905299565700353,0.9887160616508615
1,cosine,1.0,baseline,100,30,1.007148453388472,0.8054214092593047,0.5859678137455602,0.9945152864459862
1,cosine,1.0,baseline,100,35,1.007148453388472,0.8054214092593047,0.5841643118010008,0.9974398425929752
1,cosine,1.0,baseline,100,40,1.007148453388472,0.8054214092593047,0.5832678248870445,0.9989221655555847
1,cosine,1.0,baseline,100,45,1.007148453388472,0.8054214092593047,0.582911932055141,0.9995687821137345
1,cosine,1.0,baseline,100,50,1.007148453388472,0.8054214092593047,0.5826300644740571,0.9998283365139382
1,msd,1.0,optimized,10,5,0.9763370023654263,0.7704951082575784,0.6713326263697419,0.7103386721580763
1,msd,1.0,optimized,10,10,0.9763370023654263,0.7704951082575784,0.6324193304044842,0.8755545266538078
1,msd,1.0,optimized,10,15,0.9763370023654263,0.7704951082575784,0.6113048316123607,0.9448912710280243
1,msd,1.0,optimized,10,20,0.9763370023654263,0.7704951082575784,0.5974637484916089,0.9746763626369229
1,msd,1.0,optimized,10,25,0.9763370023654263,0.7704951082575784,0.5903602853081052,0.9885842952508566
1,msd,1.0,optimized,10,30,0.9763370023654263,0.7704951082575784,0.5861092064638351,0.9945528935773584
1,msd,1.0,optimized,10,35,0.9763370023654263,0.7704951082575784,0.5841946102406312,0.9974769039829
1,msd,1.0,optimized,10,40,0.9763370023654263,0.7704951082575784,0.5833208471563978,0.9990041950254313
1,msd,1.0,optimized,10,45,0.9763370023654263,0.7704951082575784,0.5829826284142786,0.9996827119329659
1,msd,1.0,optimized,10,50,0.9763370023654263,0.7704951082575784,0.5825876466585745,0.9997116940799632
1,msd,1.0,baseline,10,5,0.9763370023654263,0.7704951082575784,0.6713326263697419,0.7103386721580763
1,msd,1.0,baseline,10,10,0.9763370023654263,0.7704951082575784,0.6324193304044842,0.8755545266538078
1,msd,1.0,baseline,10,15,0.9763370023654263,0.7704951082575784,0.6113048316123607,0.9448912710280243
1,msd,1.0,baseline,10,20,0.9763370023654263,0.7704951082575784,0.5974637484916089,0.9746763626369229
1,msd,1.0,baseline,10,25,0.9763370023654263,0.7704951082575784,0.5903602853081052,0.9885842952508566
1,msd,1.0,baseline,10,30,0.9763370023654263,0.7704951082575784,0.5861092064638351,0.9945528935773584
1,msd,1.0,baseline,10,35,0.9763370023654263,0.7704951082575784,0.5841946102406312,0.9974769039829
1,msd,1.0,baseline,10,40,0.9763370023654263,0.7704951082575784,0.5833208471563978,0.9990041950254313
1,msd,1.0,baseline,10,45,0.9763370023654263,0.7704951082575784,0.5829826284142786,0.9996827119329659
1,msd,1.0,baseline,10,50,0.9763370023654263,0.7704951082575784,0.5825876466585745,0.9997116940799632
1,msd,1.0,optimized,20,5,0.9647974400090422,0.7624337391017236,0.6787557440791798,0.7185909871220237
1,msd,1.0,optimized,20,10,0.9647974400090422,0.7624337391017236,0.6361308892592032,0.8811786880749438
1,msd,1.0,optimized,20,15,0.9647974400090422,0.7624337391017236,0.6113048316123607,0.9455606304077495
1,msd,1.0,optimized,20,20,0.9647974400090422,0.7624337391017236,0.5982590825319059,0.9757016920380577
1,msd,1.0,optimized,20,25,0.9647974400090422,0.7624337391017236,0.5905723743855177,0.988930389701394
1,msd,1.0,optimized,20,30,0.9647974400090422,0.7624337391017236,0.5861092064638352,0.9945617156094091
1,msd,1.0,optimized,20,35,0.9647974400090422,0.7624337391017236,0.5842855055595222,0.9976752945224336
1,msd,1.0,optimized,20,40,0.9647974400090422,0.7624337391017236,0.5833208471563978,0.998943572381908
1,msd,1.0,optimized,20,45,0.9647974400090422,0.7624337391017236,0.5829590629612327,0.9996447353265554
1,msd,1.0,optimized,20,50,0.9647974400090422,0.7624337391017236,0.5826512733817983,0.9998573186609357
1,msd,1.0,baseline,20,5,0.9647974400090422,0.7624337391017236,0.6787557440791798,0.7185909871220237
1,msd,1.0,baseline,20,10,0.9647974400090422,0.7624337391017236,0.6361308892592032,0.8811786880749438
1,msd,1.0,baseline,20,15,0.9647974400090422,0.7624337391017236,0.6113048316123607,0.9455606304077495
1,msd,1.0,baseline,20,20,0.9647974400090422,0.7624337391017236,0.5982590825319059,0.9757016920380577
1,msd,1.0,baseline,20,25,0.9647974400090422,0.7624337391017236,0.5905723743855177,0.988930389701394
1,msd,1.0,baseline,20,30,0.9647974400090422,0.7624337391017236,0.5861092064638352,0.9945617156094091
1,msd,1.0,baseline,20,35,0.9647974400090422,0.7624337391017236,0.5842855055595222,0.9976752945224336
1,msd,1.0,baseline,20,40,0.9647974400090422,0.7624337391017236,0.5833208471563978,0.998943572381908
1,msd,1.0,baseline,20,45,0.9647974400090422,0.7624337391017236,0.5829590629612327,0.9996447353265554
1,msd,1.0,baseline,20,50,0.9647974400090422,0.7624337391017236,0.5826512733817983,0.9998573186609357
1,msd,1.0,optimized,30,5,0.9670495756958788,0.7643529172541234,0.6819370802403676,0.721138776557009
1,msd,1.0,optimized,30,10,0.9670495756958788,0.7643529172541234,0.6351764884108468,0.8797938932037597
1,msd,1.0,optimized,30,15,0.9670495756958788,0.7643529172541234,0.6113048316123607,0.9457826962850219
1,msd,1.0,optimized,30,20,0.9670495756958788,0.7643529172541234,0.5984181493399653,0.9758130326723098
1,msd,1.0,optimized,30,25,0.9670495756958788,0.7643529172541234,0.5908692990938952,0.989211280719221
1,msd,1.0,optimized,30,30,0.9670495756958788,0.7643529172541234,0.5862152510025415,0.9948904542939674
1,msd,1.0,optimized,30,35,0.9670495756958788,0.7643529172541234,0.5841946102406312,0.9974613461470445
1,msd,1.0,optimized,30,40,0.9670495756958788,0.7643529172541234,0.5832678248870445,0.9988525484526484
1,msd,1.0,optimized,30,45,0.9670495756958788,0.7643529172541234,0.5830061938673243,0.9997613777605303
1,msd,1.0,optimized,30,50,0.9670495756958788,0.7643529172541234,0.5826512733817983,0.9998573186609357
1,msd,1.0,baseline,30,5,0.9670495756958788,0.7643529172541234,0.6819370802403676,0.721138776557009
1,msd,1.0,baseline,30,10,0.9670495756958788,0.7643529172541234,0.6351764884108468,0.8797938932037597
1,msd,1.0,baseline,30,15,0.9670495756958788,0.7643529172541234,0.6113048316123607,0.9457826962850219
1,msd,1.0,baseline,30,20,0.9670495756958788,0.7643529172541234,0.5984181493399653,0.9758130326723098
1,msd,1.0,baseline,30,25,0.9670495756958788,0.7643529172541234,0.5908692990938952,0.989211280719221
1,msd,1.0,baseline,30,30,0.9670495756958788,0.7643529172541234,0.5862152510025415,0.9948904542939674
1,msd,1.0,baseline,30,35,0.9670495756958788,0.7643529172541234,0.5841946102406312,0.9974613461470445
1,msd,1.0,baseline,30,40,0.9670495756958788,0.7643529172541234,0.5832678248870445,0.9988525484526484
1,msd,1.0,baseline,30,45,0.9670495756958788,0.7643529172541234,0.5830061938673243,0.9997613777605303
1,msd,1.0,baseline,30,50,0.9670495756958788,0.7643529172541234,0.5826512733817983,0.9998573186609357
1,msd,1.0,optimized,40,5,0.9710210522492689,0.7692675659674659,0.6825733474726051,0.7214789330569542
1,msd,1.0,optimized,40,10,0.9710210522492689,0.7692675659674659,0.6353885774882594,0.8805600013913563
1,msd,1.0,optimized,40,15,0.9710210522492689,0.7692675659674659,0.6113755279714983,0.9460610907697818
1,msd,1.0,optimized,40,20,0.9710210522492689,0.7692675659674659,0.5981530379931997,0.9754519384227351
1,msd,1.0,optimized,40,25,0.9710210522492689,0.7692675659674659,0.5907420456474477,0.9890374444076139
1,msd,1.0,optimized,40,30,0.9710210522492689,0.7692675659674659,0.5862152510025415,0.9949164619496467
1,msd,1.0,optimized,40,35,0.9710210522492689,0.7692675659674659,0.5841946102406312,0.9975429964148933
1,msd,1.0,optimized,40,40,0.9710210522492689,0.7692675659674659,0.583241313752368,0.998823566305651
1,msd,1.0,optimized,40,45,0.9710210522492689,0.7692675659674659,0.5829590629612327,0.9996447353265554
1,msd,1.0,optimized,40,50,0.9710210522492689,0.7692675659674659,0.5826512733817983,0.9998573186609357
1,msd,1.0,baseline,40,5,0.9710210522492689,0.7692675659674659,0.6825733474726051,0.7214789330569542
1,msd,1.0,baseline,40,10,0.9710210522492689,0.7692675659674659,0.6353885774882594,0.8805600013913563
1,msd,1.0,baseline,40,15,0.9710210522492689,0.7692675659674659,0.6113755279714983,0.9460610907697818
1,msd,1.0,baseline,40,20,0.9710210522492689,0.7692675659674659,0.5981530379931997,0.9754519384227351
1,msd,1.0,baseline,40,25,0.9710210522492689,0.7692675659674659,0.5907420456474477,0.9890374444076139
1,msd,1.0,baseline,40,30,0.9710210522492689,0.7692675659674659,0.5862152510025415,0.9949164619496467
1,msd,1.0,baseline,40,35,0.9710210522492689,0.7692675659674659,0.5841946102406312,0.9975429964148933
1,msd,1.0,baseline,40,40,0.9710210522492689,0.7692675659674659,0.583241313752368,0.998823566305651
1,msd,1.0,baseline,40,45,0.9710210522492689,0.7692675659674659,0.5829590629612327,0.9996447353265554
1,msd,1.0,baseline,40,50,0.9710210522492689,0.7692675659674659,0.5826512733817983,0.9998573186609357
1,msd,1.0,optimized,50,5,0.9753003683224359,0.7730952453965763,0.679179922234005,0.7200942326193989
1,msd,1.0,optimized,50,10,0.9753003683224359,0.7730952453965763,0.6363429783366157,0.8812700194723153
1,msd,1.0,optimized,50,15,0.9753003683224359,0.7730952453965763,0.6110927425349482,0.9454625108448749
1,msd,1.0,optimized,50,20,0.9753003683224359,0.7730952453965763,0.5980469934544934,0.9753592125458408
1,msd,1.0,optimized,50,25,0.9753003683224359,0.7730952453965763,0.5908692990938952,0.9892996813323883
1,msd,1.0,optimized,50,30,0.9753003683224359,0.7730952453965763,0.5861799028229727,0.9949515897839702
1,msd,1.0,optimized,50,35,0.9753003683224359,0.7730952453965763,0.5841340133613705,0.9974227829056641
1,msd,1.0,optimized,50,40,0.9753003683224359,0.7730952453965763,0.5832678248870445,0.9989082833507205
1,msd,1.0,optimized,50,45,0.9753003683224359,0.7730952453965763,0.5829826284142786,0.9997234011541198
1,msd,1.0,optimized,50,50,0.9753003683224359,0.7730952453965763,0.5826512733817983,0.9998573186609357
1,msd,1.0,baseline,50,5,0.9753003683224359,0.7730952453965763,0.679179922234005,0.7200942326193989
1,msd,1.0,baseline,50,10,0.9753003683224359,0.7730952453965763,0.6363429783366157,0.8812700194723153
1,msd,1.0,baseline,50,15,0.9753003683224359,0.7730952453965763,0.6110927425349482,0.9454625108448749
1,msd,1.0,baseline,50,20,0.9753003683224359,0.7730952453965763,0.5980469934544934,0.9753592125458408
1,msd,1.0,baseline,50,25,0.9753003683224359,0.7730952453965763,0.5908692990938952,0.9892996813323883
1,msd,1.0,baseline,50,30,0.9753003683224359,0.7730952453965763,0.5861799028229727,0.9949515897839702
1,msd,1.0,baseline,50,35,0.9753003683224359,0.7730952453965763,0.5841340133613705,0.9974227829056641
1,msd,1.0,baseline,50,40,0.9753003683224359,0.7730952453965763,0.5832678248870445,0.9989082833507205
1,msd,1.0,baseline,50,45,0.9753003683224359,0.7730952453965763,0.5829826284142786,0.9997234011541198
1,msd,1.0,baseline,50,50,0.9753003683224359,0.7730952453965763,0.5826512733817983,0.9998573186609357
1,msd,1.0,optimized,60,5,0.9793879551716895,0.7774619057131411,0.6804524566984801,0.7202542800417895
1,msd,1.0,optimized,60,10,0.9793879551716895,0.7774619057131411,0.6354946220269656,0.8798187095422868
1,msd,1.0,optimized,60,15,0.9793879551716895,0.7774619057131411,0.6108806534575358,0.9453283910674604
1,msd,1.0,optimized,60,20,0.9793879551716895,0.7774619057131411,0.597834904377081,0.9751710561712917
1,msd,1.0,optimized,60,25,0.9793879551716895,0.7774619057131411,0.5906572100164826,0.9889166057225508
1,msd,1.0,optimized,60,30,0.9793879551716895,0.7774619057131411,0.5861092064638351,0.9948117644633764
1,msd,1.0,optimized,60,35,0.9793879551716895,0.7774619057131411,0.5841340133613705,0.9973670480075922
1,msd,1.0,optimized,60,40,0.9793879551716895,0.7774619057131411,0.5832413137523679,0.99887030674431
1,msd,1.0,optimized,60,45,0.9793879551716895,0.7774619057131411,0.5829826284142786,0.9997234011541198
1,msd,1.0,optimized,60,50,0.9793879551716895,0.7774619057131411,0.5826512733817983,0.9998573186609357
1,msd,1.0,baseline,60,5,0.9793879551716895,0.7774619057131411,0.6804524566984801,0.7202542800417895
1,msd,1.0,baseline,60,10,0.9793879551716895,0.7774619057131411,0.6354946220269656,0.8798187095422868
1,msd,1.0,baseline,60,15,0.9793879551716895,0.7774619057131411,0.6108806534575358,0.9453283910674604
1,msd,1.0,baseline,60,20,0.9793879551716895,0.7774619057131411,0.597834904377081,0.9751710561712917
1,msd,1.0,baseline,60,25,0.9793879551716895,0.7774619057131411,0.5906572100164826,0.9889166057225508
1,msd,1.0,baseline,60,30,0.9793879551716895,0.7774619057131411,0.5861092064638351,0.9948117644633764
1,msd,1.0,baseline,60,35,0.9793879551716895,0.7774619057131411,0.5841340133613705,0.9973670480075922
1,msd,1.0,baseline,60,40,0.9793879551716895,0.7774619057131411,0.5832413137523679,0.99887030674431
1,msd,1.0,baseline,60,45,0.9793879551716895,0.7774619057131411,0.5829826284142786,0.9997234011541198
1,msd,1.0,baseline,60,50,0.9793879551716895,0.7774619057131411,0.5826512733817983,0.9998573186609357
1,msd,1.0000000000000004,optimized,70,5,0.9835579269863394,0.781346318552315,0.6774832096147049,0.7193102910127277
1,msd,1.0000000000000004,optimized,70,10,0.9835579269863394,0.781346318552315,0.6365550674140282,0.8808170374287333
1,msd,1.0000000000000004,optimized,70,15,0.9835579269863394,0.781346318552315,0.6109513498166733,0.9454850001839684
1,msd,1.0000000000000004,optimized,70,20,0.9835579269863394,0.781346318552315,0.5978349043770809,0.9750765285143842
1,msd,1.0000000000000004,optimized,70,25,0.9835579269863394,0.781346318552315,0.5905299565700353,0.9886750184547983
1,msd,1.0000000000000004,optimized,70,30,0.9835579269863394,0.781346318552315,0.5860738582842664,0.9947204583148016
1,msd,1.0000000000000004,optimized,70,35,0.9835579269863394,0.781346318552315,0.5841340133613705,0.997410975364295
1,msd,1.0000000000000004,optimized,70,40,0.9835579269863394,0.781346318552315,0.5832678248870445,0.9989489725718744
1,msd,1.0000000000000004,optimized,70,45,0.9835579269863394,0.781346318552315,0.5829826284142786,0.9997234011541198
1,msd,1.0000000000000004,optimized,70,50,0.9835579269863394,0.781346318552315,0.5826512733817983,0.9998573186609357
1,msd,1.0,baseline,70,5,0.9835579269863394,0.781346318552315,0.6774832096147049,0.7193102910127277
1,msd,1.0,baseline,70,10,0.9835579269863394,0.781346318552315,0.6365550674140282,0.8808170374287333
1,msd,1.0,baseline,70,15,0.9835579269863394,0.781346318552315,0.6109513498166733,0.9454850001839684
1,msd,1.0,baseline,70,20,0.9835579269863394,0.781346318552315,0.5978349043770809,0.9750765285143842
1,msd,1.0,baseline,70,25,0.9835579269863394,0.781346318552315,0.5905299565700353,0.9886750184547983
1,msd,1.0,baseline,70,30,0.9835579269863394,0.781346318552315,0.5860738582842664,0.9947204583148016
1,msd,1.0,baseline,70,35,0.9835579269863394,0.781346318552315,0.5841340133613705,0.997410975364295
1,msd,1.0,baseline,70,40,0.9835579269863394,0.781346318552315,0.5832678248870445,0.9989489725718744
1,msd,1.0,baseline,70,45,0.9835579269863394,0.781346318552315,0.5829826284142786,0.9997234011541198
1,msd,1.0,baseline,70,50,0.9835579269863394,0.781346318552315,0.5826512733817983,0.9998573186609357
1,msd,1.0,optimized,80,5,0.9865843697852807,0.7845014383318863,0.6785436550017674,0.7198447273366377
1,msd,1.0,optimized,80,10,0.9865843697852807,0.7845014383318863,0.6363429783366157,0.8807572607121154
1,msd,1.0,optimized,80,15,0.9865843697852807,0.7845014383318863,0.6104564753027107,0.944906839903327
1,msd,1.0,optimized,80,20,0.9865843697852807,0.7845014383318863,0.5977288598383745,0.9750604262287668
1,msd,1.0,optimized,80,25,0.9865843697852807,0.7845014383318863,0.5904451209390702,0.9885313637585597
1,msd,1.0,optimized,80,30,0.9865843697852807,0.7845014383318863,0.5860385101046975,0.9947086786113918
1,msd,1.0,optimized,80,35,0.9865843697852807,0.7845014383318863,0.5841037149217402,0.9973625656242553
1,msd,1.0,optimized,80,40,0.9865843697852807,0.7845014383318863,0.5832678248870445,0.9989489725718744
1,msd,1.0,optimized,80,45,0.9865843697852807,0.7845014383318863,0.5829354975081869,0.9996067587201449
1,msd,1.0,optimized,80,50,0.9865843697852807,0.7845014383318863,0.5826512733817983,0.9998573186609357
1,msd,1.0,baseline,80,5,0.9865843697852807,0.7845014383318863,0.6785436550017674,0.7198447273366377
1,msd,1.0,baseline,80,10,0.9865843697852807,0.7845014383318863,0.6363429783366157,0.8807572607121154
1,msd,1.0,baseline,80,15,0.9865843697852807,0.7845014383318863,0.6104564753027107,0.944906839903327
1,msd,1.0,baseline,80,20,0.9865843697852807,0.7845014383318863,0.5977288598383745,0.9750604262287668
1,msd,1.0,baseline,80,25,0.9865843697852807,0.7845014383318863,0.5904451209390702,0.9885313637585597
1,msd,1.0,baseline,80,30,0.9865843697852807,0.7845014383318863,0.5860385101046975,0.9947086786113918
1,msd,1.0,baseline,80,35,0.9865843697852807,0.7845014383318863,0.5841037149217402,0.9973625656242553
1,msd,1.0,baseline,80,40,0.9865843697852807,0.7845014383318863,0.5832678248870445,0.9989489725718744
1,msd,1.0,baseline,80,45,0.9865843697852807,0.7845014383318863,0.5829354975081869,0.9996067587201449
1,msd,1.0,baseline,80,50,0.9865843697852807,0.7845014383318863,0.5826512733817983,0.9998573186609357
1,msd,1.7000000000000006,optimized,90,5,0.9881334744724712,0.7863762582939426,0.678331565924355,0.718419293660297
1,msd,1.7000000000000006,optimized,90,10,0.9881334744724712,0.7863762582939426,0.6358127556430845,0.8798761526195362
1,msd,1.7000000000000006,optimized,90,15,0.9881334744724712,0.7863762582939426,0.6105978680209858,0.9448378255042198
1,msd,1.7000000000000006,optimized,90,20,0.9881334744724712,0.7863762582939426,0.5976228152996684,0.9747710563311588
1,msd,1.7000000000000006,optimized,90,25,0.9881334744724712,0.7863762582939426,0.5904027031235878,0.9885460112436453
1,msd,1.7000000000000006,optimized,90,30,0.9881334744724712,0.7863762582939426,0.5860031619251289,0.9946210578494781
1,msd,1.7000000000000006,optimized,90,35,0.9881334744724712,0.7863762582939426,0.5841643118010008,0.9974913355327608
1,msd,1.7000000000000006,optimized,90,40,0.9881334744724712,0.7863762582939426,0.5832678248870445,0.9989489725718744
1,msd,1.7000000000000006,optimized,90,45,0.9881334744724712,0.7863762582939426,0.5829354975081869,0.9996067587201449
1,msd,1.7000000000000006,optimized,90,50,0.9881334744724712,0.7863762582939426,0.5826512733817983,0.9998573186609357
1,msd,1.0,baseline,90,5,0.9895924883152761,0.7874980102438329,0.6781194768469424,0.7182418585159016
1,msd,1.0,baseline,90,10,0.9895924883152761,0.7874980102438329,0.6358127556430845,0.8798761526195362
1,msd,1.0,baseline,90,15,0.9895924883152761,0.7874980102438329,0.6106685643801233,0.9452049326995209
1,msd,1.0,baseline,90,20,0.9895924883152761,0.7874980102438329,0.5976228152996684,0.9747929079499268
1,msd,1.0,baseline,90,25,0.9895924883152761,0.7874980102438329,0.5904027031235878,0.9884542344448202
1,msd,1.0,baseline,90,30,0.9895924883152761,0.7874980102438329,0.5860031619251289,0.9946210578494781
1,msd,1.0,baseline,90,35,0.9895924883152761,0.7874980102438329,0.5841643118010008,0.9974913355327608
1,msd,1.0,baseline,90,40,0.9895924883152761,0.7874980102438329,0.5832678248870445,0.9989489725718744
1,msd,1.0,baseline,90,45,0.9895924883152761,0.7874980102438329,0.5829354975081869,0.9996067587201449
1,msd,1.0,baseline,90,50,0.9895924883152761,0.7874980102438329,0.5826512733817983,0.9998573186609357
1,msd,2.5,optimized,100,5,0.989097437714503,0.787559092806822,0.6781194768469424,0.7163630644240989
1,msd,2.5,optimized,100,10,0.989097437714503,0.787559092806822,0.6362369337979094,0.8805058953677257
1,msd,2.5,optimized,100,15,0.989097437714503,0.787559092806822,0.6101736898661607,0.9443719101576461
1,msd,2.5,optimized,100,20,0.989097437714503,0.787559092806822,0.5978879266464341,0.9750668099405863
1,msd,2.5,optimized,100,25,0.989097437714503,0.787559092806822,0.5904027031235878,0.9883988587272025
1,msd,2.5,optimized,100,30,0.989097437714503,0.787559092806822,0.5859678137455602,0.9945628873333097
1,msd,2.5,optimized,100,35,0.989097437714503,0.787559092806822,0.5841643118010008,0.9974913355327608
1,msd,2.5,optimized,100,40,0.989097437714503,0.787559092806822,0.583241313752368,0.9988841889491743
1,msd,2.5,optimized,100,45,0.989097437714503,0.787559092806822,0.5829354975081869,0.9996067587201449
1,msd,2.5,optimized,100,50,0.989097437714503,0.787559092806822,0.5826512733817983,0.9998573186609357
1,msd,1.0,baseline,100,5,0.9922822418176969,0.7900531403934411,0.6785436550017674,0.7172318847863113
1,msd,1.0,baseline,100,10,0.9922822418176969,0.7900531403934411,0.6360248447204968,0.8803529340363503
1,msd,1.0,baseline,100,15,0.9922822418176969,0.7900531403934411,0.6101736898661607,0.944825549763268
1,msd,1.0,baseline,100,20,0.9922822418176969,0.7900531403934411,0.5977288598383746,0.9749218900049172
1,msd,1.0,baseline,100,25,0.9922822418176969,0.7900531403934411,0.5904027031235878,0.9883506241539852
1,msd,1.0,baseline,100,30,0.9922822418176969,0.7900531403934411,0.5858971173864227,0.9944462448993348
1,msd,1.0,baseline,100,35,0.9922822418176969,0.7900531403934411,0.5841643118010008,0.9974913355327608
1,msd,1.0,baseline,100,40,0.9922822418176969,0.7900531403934411,0.5832678248870445,0.9989489725718744
1,msd,1.0,baseline,100,45,0.9922822418176969,0.7900531403934411,0.5829354975081869,0.9996067587201449
1,msd,1.0,baseline,100,50,0.9922822418176969,0.7900531403934411,0.5826512733817983,0.9998573186609357
1,jmsd,1.0,optimized,10,5,1.0101729422094499,0.8060209153474189,0.6762106751502297,0.7145751012424887
1,jmsd,1.0,optimized,10,10,1.0101729422094499,0.8060209153474189,0.6314649295561278,0.8759429116553011
1,jmsd,1.0,optimized,10,15,1.0101729422094499,0.8060209153474189,0.6099616007887482,0.9438588259974411
1,jmsd,1.0,optimized,10,20,1.0101729422094499,0.8060209153474189,0.5968805035287246,0.9734829369178998
1,jmsd,1.0,optimized,10,25,1.0101729422094499,0.8060209153474189,0.5898936893377977,0.9879589172234414
1,jmsd,1.0,optimized,10,30,1.0101729422094499,0.8060209153474189,0.5862152510025415,0.9950386985021372
1,jmsd,1.0,optimized,10,35,1.0101729422094499,0.8060209153474189,0.5841946102406311,0.9975489457809202
1,jmsd,1.0,optimized,10,40,1.0101729422094499,0.8060209153474189,0.5832943360217212,0.9989322969466237
1,jmsd,1.0,optimized,10,45,1.0101729422094499,0.8060209153474189,0.5829354975081869,0.999609701962053
1,jmsd,1.0,optimized,10,50,1.0101729422094499,0.8060209153474189,0.5826300644740571,0.9998193420545253
1,jmsd,1.0,baseline,10,5,1.0101729422094499,0.8060209153474189,0.6762106751502297,0.7145751012424887
1,jmsd,1.0,baseline,10,10,1.0101729422094499,0.8060209153474189,0.6314649295561278,0.8759429116553011
1,jmsd,1.0,baseline,10,15,1.0101729422094499,0.8060209153474189,0.6099616007887482,0.9438588259974411
1,jmsd,1.0,baseline,10,20,1.0101729422094499,0.8060209153474189,0.5968805035287246,0.9734829369178998
1,jmsd,1.0,baseline,10,25,1.0101729422094499,0.8060209153474189,0.5898936893377977,0.9879589172234414
1,jmsd,1.0,baseline,10,30,1.0101729422094499,0.8060209153474189,0.5862152510025415,0.9950386985021372
1,jmsd,1.0,baseline,10,35,1.0101729422094499,0.8060209153474189,0.5841946102406311,0.9975489457809202
1,jmsd,1.0,baseline,10,40,1.0101729422094499,0.8060209153474189,0.5832943360217212,0.9989322969466237
1,jmsd,1.0,baseline,10,45,1.0101729422094499,0.8060209153474189,0.5829354975081869,0.999609701962053
1,jmsd,1.0,baseline,10,50,1.0101729422094499,0.8060209153474189,0.5826300644740571,0.9998193420545253
1,jmsd,1.0,optimized,20,5,0.9975687901776276,0.796861171413119,0.68045245669848,0.7199834524956397
1,jmsd,1.0,optimized,20,10,0.9975687901776276,0.796861171413119,0.6349643993334344,0.8797724224522482
1,jmsd,1.0,optimized,20,15,0.9975687901776276,0.796861171413119,0.6109513498166733,0.9448002578334324
1,jmsd,1.0,optimized,20,20,0.9975687901776276,0.796861171413119,0.5976758375690215,0.9746927516234078
1,jmsd,1.0,optimized,20,25,0.9975687901776276,0.796861171413119,0.5903602853081051,0.9885689692300663
1,jmsd,1.0,optimized,20,30,0.9975687901776276,0.796861171413119,0.5861445546434039,0.9947845600980795
1,jmsd,1.0,optimized,20,35,0.9975687901776276,0.796861171413119,0.5843158039991526,0.9977114766143078
1,jmsd,1.0,optimized,20,40,0.9975687901776276,0.796861171413119,0.5832678248870445,0.9988943203402133
1,jmsd,1.0,optimized,20,45,0.9975687901776276,0.796861171413119,0.5829590629612327,0.9996944190071223
1,jmsd,1.0,optimized,20,50,0.9975687901776276,0.796861171413119,0.5826300644740571,0.9998283365139382
1,jmsd,1.0,baseline,20,5,0.9975687901776276,0.796861171413119,0.68045245669848,0.7199834524956397
1,jmsd,1.0,baseline,20,10,0.9975687901776276,0.796861171413119,0.6349643993334344,0.8797724224522482
1,jmsd,1.0,baseline,20,15,0.9975687901776276,0.796861171413119,0.6109513498166733,0.9448002578334324
1,jmsd,1.0,baseline,20,20,0.9975687901776276,0.796861171413119,0.5976758375690215,0.9746927516234078
1,jmsd,1.0,baseline,20,25,0.9975687901776276,0.796861171413119,0.5903602853081051,0.9885689692300663
1,jmsd,1.0,baseline,20,30,0.9975687901776276,0.796861171413119,0.5861445546434039,0.9947845600980795
1,jmsd,1.0,baseline,20,35,0.9975687901776276,0.796861171413119,0.5843158039991526,0.9977114766143078
1,jmsd,1.0,baseline,20,40,0.9975687901776276,0.796861171413119,0.5832678248870445,0.9988943203402133
1,jmsd,1.0,baseline,20,45,0.9975687901776276,0.796861171413119,0.5829590629612327,0.9996944190071223
1,jmsd,1.0,baseline,20,50,0.9975687901776276,0.796861171413119,0.5826300644740571,0.9998283365139382
1,jmsd,1.0000000000000004,optimized,30,5,0.9966160719988975,0.7954850392757012,0.6804524566984801,0.720504621875992
1,jmsd,1.0000000000000004,optimized,30,10,0.9966160719988975,0.7954850392757012,0.6343281321011968,0.8786076746232343
1,jmsd,1.0000000000000004,optimized,30,15,0.9966160719988975,0.7954850392757012,0.6115169206897733,0.9451995856373971
1,jmsd,1.0000000000000004,optimized,30,20,0.9966160719988975,0.7954850392757012,0.5976758375690215,0.974792637047382
1,jmsd,1.0000000000000004,optimized,30,25,0.9966160719988975,0.7954850392757012,0.5904027031235878,0.9885480722576533
1,jmsd,1.0000000000000004,optimized,30,30,0.9966160719988975,0.7954850392757012,0.5860031619251289,0.9945981025199151
1,jmsd,1.0000000000000004,optimized,30,35,0.9966160719988975,0.7954850392757012,0.5841946102406312,0.9975051453152163
1,jmsd,1.0000000000000004,optimized,30,40,0.9966160719988975,0.7954850392757012,0.5832148026176913,0.9987716016492126
1,jmsd,1.0000000000000004,optimized,30,45,0.9966160719988975,0.7954850392757012,0.5829354975081869,0.9996157531795579
1,jmsd,1.0000000000000004,optimized,30,50,0.9966160719988975,0.7954850392757012,0.5826300644740571,0.9998283365139382
1,jmsd,1.0,baseline,30,5,0.9966160719988976,0.7954850392757012,0.6804524566984801,0.720504621875992
1,jmsd,1.0,baseline,30,10,0.9966160719988976,0.7954850392757012,0.6343281321011968,0.8786076746232343
1,jmsd,1.0,baseline,30,15,0.9966160719988976,0.7954850392757012,0.6115169206897733,0.9451995856373971
1,jmsd,1.0,baseline,30,20,0.9966160719988976,0.7954850392757012,0.5976758375690215,0.974792637047382
1,jmsd,1.0,baseline,30,25,0.9966160719988976,0.7954850392757012,0.5904027031235878,0.9885480722576533
1,jmsd,1.0,baseline,30,30,0.9966160719988976,0.7954850392757012,0.5860031619251289,0.9945981025199151
1,jmsd,1.0,baseline,30,35,0.9966160719988976,0.7954850392757012,0.5841946102406312,0.9975051453152163
1,jmsd,1.0,baseline,30,40,0.9966160719988976,0.7954850392757012,0.5832148026176913,0.9987716016492126
1,jmsd,1.0,baseline,30,45,0.9966160719988976,0.7954850392757012,0.5829354975081869,0.9996157531795579
1,jmsd,1.0,baseline,30,50,0.9966160719988976,0.7954850392757012,0.5826300644740571,0.9998283365139382
1,jmsd,1.0,optimized,40,5,0.9985908616400623,0.7970410086893659,0.6846942382467304,0.7223879723792126
1,jmsd,1.0,optimized,40,10,0.9985908616400623,0.7970410086893659,0.6361308892592032,0.8806074153721738
1,jmsd,1.0,optimized,40,15,0.9985908616400623,0.7970410086893659,0.6114462243306359,0.9450386365888425
1,jmsd,1.0,optimized,40,20,0.9985908616400623,0.7970410086893659,0.5977288598383745,0.9748625273077082
1,jmsd,1.0,optimized,40,25,0.9985908616400623,0.7970410086893659,0.5904875387545526,0.9887425587070349
1,jmsd,1.0,optimized,40,30,0.9985908616400623,0.7970410086893659,0.5861092064638351,0.9948046148850177
1,jmsd,1.0,optimized,40,35,0.9985908616400623,0.7970410086893659,0.5841643118010008,0.9974469023467312
1,jmsd,1.0,optimized,40,40,0.9985908616400623,0.7970410086893659,0.5832148026176914,0.9988183420878717
1,jmsd,1.0,optimized,40,45,0.9985908616400623,0.7970410086893659,0.5829590629612327,0.9996944190071223
1,jmsd,1.0,optimized,40,50,0.9985908616400623,0.7970410086893659,0.5826300644740571,0.9998283365139382
1,jmsd,1.0,baseline,40,5,0.9985908616400623,0.7970410086893659,0.6846942382467304,0.7223879723792126
1,jmsd,1.0,baseline,40,10,0.9985908616400623,0.7970410086893659,0.6361308892592032,0.8806074153721738
1,jmsd,1.0,baseline,40,15,0.9985908616400623,0.7970410086893659,0.6114462243306359,0.9450386365888425
1,jmsd,1.0,baseline,40,20,0.9985908616400623,0.7970410086893659,0.5977288598383745,0.9748625273077082
1,jmsd,1.0,baseline,40,25,0.9985908616400623,0.7970410086893659,0.5904875387545526,0.9887425587070349
1,jmsd,1.0,baseline,40,30,0.9985908616400623,0.7970410086893659,0.5861092064638351,0.9948046148850177
1,jmsd,1.0,baseline,40,35,0.9985908616400623,0.7970410086893659,0.5841643118010008,0.9974469023467312
1,jmsd,1.0,baseline,40,40,0.9985908616400623,0.7970410086893659,0.5832148026176914,0.9988183420878717
1,jmsd,1.0,baseline,40,45,0.9985908616400623,0.7970410086893659,0.5829590629612327,0.9996944190071223
1,jmsd,1.0,baseline,40,50,0.9985908616400623,0.7970410086893659,0.5826300644740571,0.9998283365139382
1,jmsd,1.0,optimized,50,5,1.0000229715444038,0.7984309710380023,0.6825733474726052,0.7216333021439674
1,jmsd,1.0,optimized,50,10,1.0000229715444038,0.7984309710380023,0.6356006665656719,0.8799972561569902
1,jmsd,1.0,optimized,50,15,1.0000229715444038,0.7984309710380023,0.6115876170489107,0.9450845633307363
1,jmsd,1.0,optimized,50,20,1.0000229715444038,0.7984309710380023,0.5973577039529028,0.9744265460477731
1,jmsd,1.0,optimized,50,25,1.0000229715444038,0.7984309710380023,0.5901906140461752,0.9883386550555718
1,jmsd,1.0,optimized,50,30,1.0000229715444038,0.7984309710380023,0.5859678137455602,0.9945356587013168
1,jmsd,1.0,optimized,50,35,1.0000229715444038,0.7984309710380023,0.5841340133613705,0.9973551255479057
1,jmsd,1.0,optimized,50,40,1.0000229715444038,0.7984309710380023,0.5832148026176914,0.9988183420878717
1,jmsd,1.0,optimized,50,45,1.0000229715444038,0.7984309710380023,0.5829354975081869,0.9996564424007119
1,jmsd,1.0,optimized,50,50,1.0000229715444038,0.7984309710380023,0.5826088555663158,0.9997903599075277
1,jmsd,1.0,baseline,50,5,1.0000229715444038,0.7984309710380023,0.6825733474726052,0.7216333021439674
1,jmsd,1.0,baseline,50,10,1.0000229715444038,0.7984309710380023,0.6356006665656719,0.8799972561569902
1,jmsd,1.0,baseline,50,15,1.0000229715444038,0.7984309710380023,0.6115876170489107,0.9450845633307363
1,jmsd,1.0,baseline,50,20,1.0000229715444038,0.7984309710380023,0.5973577039529028,0.9744265460477731
1,jmsd,1.0,baseline,50,25,1.0000229715444038,0.7984309710380023,0.5901906140461752,0.9883386550555718
1,jmsd,1.0,baseline,50,30,1.0000229715444038,0.7984309710380023,0.5859678137455602,0.9945356587013168
1,jmsd,1.0,baseline,50,35,1.0000229715444038,0.7984309710380023,0.5841340133613705,0.9973551255479057
1,jmsd,1.0,baseline,50,40,1.0000229715444038,0.7984309710380023,0.5832148026176914,0.9988183420878717
1,jmsd,1.0,baseline,50,45,1.0000229715444038,0.7984309710380023,0.5829354975081869,0.9996564424007119
1,jmsd,1.0,baseline,50,50,1.0000229715444038,0.7984309710380023,0.5826088555663158,0.9997903599075277
1,jmsd,1.0500000000000005,optimized,60,5,1.0013868971508275,0.7997586020150285,0.6823612583951927,0.7223980334752315
1,jmsd,1.0500000000000005,optimized,60,10,1.0013868971508275,0.7997586020150285,0.6354946220269656,0.8796681345064276
1,jmsd,1.0500000000000005,optimized,60,15,1.0013868971508275,0.7997586020150285,0.6110927425349482,0.9448638691418918
1,jmsd,1.0500000000000005,optimized,60,20,1.0013868971508275,0.7997586020150285,0.5973577039529028,0.9744143764715398
1,jmsd,1.0500000000000005,optimized,60,25,1.0013868971508275,0.7997586020150285,0.5901057784152103,0.9881004031515358
1,jmsd,1.0500000000000005,optimized,60,30,1.0013868971508275,0.7997586020150285,0.5859324655659914,0.9944832430948392
1,jmsd,1.0500000000000005,optimized,60,35,1.0013868971508275,0.7997586020150285,0.5841037149217401,0.9973110726844696
1,jmsd,1.0500000000000005,optimized,60,40,1.0013868971508275,0.7997586020150285,0.5832413137523679,0.9988563186942822
1,jmsd,1.0500000000000005,optimized,60,45,1.0013868971508275,0.7997586020150285,0.5829354975081869,0.9996564424007119
1,jmsd,1.0500000000000005,optimized,60,50,1.0013868971508275,0.7997586020150285,0.5826300644740571,0.9998283365139382
1,jmsd,1.0,baseline,60,5,1.001588996772378,0.7999219298270739,0.6827854365500177,0.7231322478658335
1,jmsd,1.0,baseline,60,10,1.001588996772378,0.7999219298270739,0.6356006665656719,0.8797682546506007
1,jmsd,1.0,baseline,60,15,1.001588996772378,0.7999219298270739,0.6112341352532233,0.9450272520145258
1,jmsd,1.0,baseline,60,20,1.001588996772378,0.7999219298270739,0.5973577039529028,0.9744143764715398
1,jmsd,1.0,baseline,60,25,1.001588996772378,0.7999219298270739,0.5900633605997276,0.988058044629001
1,jmsd,1.0,baseline,60,30,1.001588996772378,0.7999219298270739,0.5859324655659914,0.9944832430948392
1,jmsd,1.0,baseline,60,35,1.001588996772378,0.7999219298270739,0.5841037149217401,0.9973110726844696
1,jmsd,1.0,baseline,60,40,1.001588996772378,0.7999219298270739,0.5832148026176914,0.9988183420878717
1,jmsd,1.0,baseline,60,45,1.001588996772378,0.7999219298270739,0.5829590629612327,0.9996854245477094
1,jmsd,1.0,baseline,60,50,1.001588996772378,0.7999219298270739,0.5826300644740571,0.9998283365139382
1,jmsd,1.1500000000000006,optimized,70,5,1.0017776417821693,0.8003906214562614,0.6806645457758924,0.7205659870130772
1,jmsd,1.1500000000000006,optimized,70,10,1.0017776417821693,0.8003906214562614,0.6349643993334344,0.8794872076179526
1,jmsd,1.1500000000000006,optimized,70,15,1.0017776417821693,0.8003906214562614,0.6108099570983981,0.9445517235710891
1,jmsd,1.1500000000000006,optimized,70,20,1.0017776417821693,0.8003906214562614,0.5973577039529028,0.9743718721043876
1,jmsd,1.1500000000000006,optimized,70,25,1.0017776417821693,0.8003906214562614,0.5901906140461752,0.9882753765999213
1,jmsd,1.1500000000000006,optimized,70,30,1.0017776417821693,0.8003906214562614,0.585861769206854,0.9943851775121921
1,jmsd,1.1500000000000006,optimized,70,35,1.0017776417821693,0.8003906214562614,0.5841340133613705,0.9973957897295391
1,jmsd,1.1500000000000006,optimized,70,40,1.0017776417821693,0.8003906214562614,0.5832678248870445,0.9989349845218466
1,jmsd,1.1500000000000006,optimized,70,45,1.0017776417821693,0.8003906214562614,0.5829354975081869,0.9996564424007119
1,jmsd,1.1500000000000006,optimized,70,50,1.0017776417821693,0.8003906214562614,0.5826300644740571,0.9998283365139382
1,jmsd,1.0,baseline,70,5,1.0023945553987674,0.8009061476411327,0.6806645457758924,0.7208971903178487
1,jmsd,1.0,baseline,70,10,1.0023945553987674,0.8009061476411327,0.6348583547947281,0.8791552540926661
1,jmsd,1.0,baseline,70,15,1.0023945553987674,0.8009061476411327,0.6110220461758108,0.9448405837779982
1,jmsd,1.0,baseline,70,20,1.0023945553987674,0.8009061476411327,0.5971456148754902,0.9740281558726585
1,jmsd,1.0,baseline,70,25,1.0023945553987674,0.8009061476411327,0.5901906140461752,0.98825715925038
1,jmsd,1.0,baseline,70,30,1.0023945553987674,0.8009061476411327,0.5858264210272851,0.9943443878238253
1,jmsd,1.0,baseline,70,35,1.0023945553987674,0.8009061476411327,0.5841340133613705,0.9973957897295391
1,jmsd,1.0,baseline,70,40,1.0023945553987674,0.8009061476411327,0.583241313752368,0.9988970079154361
1,jmsd,1.0,baseline,70,45,1.0023945553987674,0.8009061476411327,0.5829354975081869,0.9996564424007119
1,jmsd,1.0,baseline,70,50,1.0023945553987674,0.8009061476411327,0.5826300644740571,0.9998283365139382
1,jmsd,1.2500000000000002,optimized,80,5,1.0021262635076265,0.8008741771170764,0.6813008130081302,0.7216255781194744
1,jmsd,1.2500000000000002,optimized,80,10,1.0021262635076265,0.8008741771170764,0.6349643993334344,0.8795040553205759
1,jmsd,1.2500000000000002,optimized,80,15,1.0021262635076265,0.8008741771170764,0.6109513498166733,0.9447121528933229
1,jmsd,1.2500000000000002,optimized,80,20,1.0021262635076265,0.8008741771170764,0.5973046816835497,0.9744158423074016
1,jmsd,1.2500000000000002,optimized,80,25,1.0021262635076265,0.8008741771170764,0.5902754496771402,0.98836537165137
1,jmsd,1.2500000000000002,optimized,80,30,1.0021262635076265,0.8008741771170764,0.5858971173864227,0.994437621397235
1,jmsd,1.2500000000000002,optimized,80,35,1.0021262635076265,0.8008741771170764,0.5841643118010008,0.9974398425929752
1,jmsd,1.2500000000000002,optimized,80,40,1.0021262635076265,0.8008741771170764,0.5832678248870445,0.9989349845218466
1,jmsd,1.2500000000000002,optimized,80,45,1.0021262635076265,0.8008741771170764,0.5829354975081869,0.9996564424007119
1,jmsd,1.2500000000000002,optimized,80,50,1.0021262635076265,0.8008741771170764,0.5826300644740571,0.9998283365139382
1,jmsd,1.0,baseline,80,5,1.0031638769331275,0.8017835172787301,0.6813008130081302,0.7218808050266836
1,jmsd,1.0,baseline,80,10,1.0031638769331275,0.8017835172787301,0.6352825329495531,0.87976635959275
1,jmsd,1.0,baseline,80,15,1.0031638769331275,0.8017835172787301,0.6110220461758108,0.944859768982569
1,jmsd,1.0,baseline,80,20,1.0031638769331275,0.8017835172787301,0.5971456148754902,0.9740879345194893
1,jmsd,1.0,baseline,80,25,1.0031638769331275,0.8017835172787301,0.5903602853081052,0.9885052220114846
1,jmsd,1.0,baseline,80,30,1.0031638769331275,0.8017835172787301,0.5858264210272851,0.994286699550278
1,jmsd,1.0,baseline,80,35,1.0031638769331275,0.8017835172787301,0.5841340133613705,0.9973957897295391
1,jmsd,1.0,baseline,80,40,1.0031638769331275,0.8017835172787301,0.5832678248870445,0.9989349845218466
1,jmsd,1.0,baseline,80,45,1.0031638769331275,0.8017835172787301,0.5829354975081869,0.9996564424007119
1,jmsd,1.0,baseline,80,50,1.0031638769331275,0.8017835172787301,0.5826300644740571,0.9998283365139382
1,jmsd,1.3500000000000003,optimized,90,5,1.0026409148840258,0.8013375581371022,0.6802403676210675,0.7192929716256763
1,jmsd,1.3500000000000003,optimized,90,10,1.0026409148840258,0.8013375581371022,0.6351764884108468,0.8799396696328422
1,jmsd,1.3500000000000003,optimized,90,15,1.0026409148840258,0.8013375581371022,0.6111634388940858,0.9448381276927604
1,jmsd,1.3500000000000003,optimized,90,20,1.0026409148840258,0.8013375581371022,0.5974637484916089,0.974268195365973
1,jmsd,1.3500000000000003,optimized,90,25,1.0026409148840258,0.8013375581371022,0.5903602853081052,0.9884689147064549
1,jmsd,1.3500000000000003,optimized,90,30,1.0026409148840258,0.8013375581371022,0.5860031619251289,0.9945530149302034
1,jmsd,1.3500000000000003,optimized,90,35,1.0026409148840258,0.8013375581371022,0.5841946102406311,0.9975185084205398
1,jmsd,1.3500000000000003,optimized,90,40,1.0026409148840258,0.8013375581371022,0.5832413137523679,0.9988661519227277
1,jmsd,1.3500000000000003,optimized,90,45,1.0026409148840258,0.8013375581371022,0.5829354975081869,0.9996564424007119
1,jmsd,1.3500000000000003,optimized,90,50,1.0026409148840258,0.8013375581371022,0.5826300644740571,0.9998283365139382
1,jmsd,1.0,baseline,90,5,1.0041972183517873,0.8027009290882128,0.6815129020855424,0.7207626839984722
1,jmsd,1.0,baseline,90,10,1.0041972183517873,0.8027009290882128,0.6346462657173156,0.8792623096476292
1,jmsd,1.0,baseline,90,15,1.0041972183517873,0.8027009290882128,0.6113048316123607,0.9450696184026782
1,jmsd,1.0,baseline,90,20,1.0041972183517873,0.8027009290882128,0.5973577039529028,0.974363432828404
1,jmsd,1.0,baseline,90,25,1.0041972183517873,0.8027009290882128,0.5903602853081051,0.9884555383309177
1,jmsd,1.0,baseline,90,30,1.0041972183517873,0.8027009290882128,0.585861769206854,0.9942944451086844
1,jmsd,1.0,baseline,90,35,1.0041972183517873,0.8027009290882128,0.5841643118010008,0.9974398425929752
1,jmsd,1.0,baseline,90,40,1.0041972183517873,0.8027009290882128,0.5832678248870445,0.9989349845218466
1,jmsd,1.0,baseline,90,45,1.0041972183517873,0.8027009290882128,0.5829354975081869,0.9996564424007119
1,jmsd,1.0,baseline,90,50,1.0041972183517873,0.8027009290882128,0.5826300644740571,0.9998283365139382
1,jmsd,1.4000000000000004,optimized,100,5,1.003060302563767,0.8018894851410293,0.6779073877695299,0.7157274119801735
1,jmsd,1.4000000000000004,optimized,100,10,1.003060302563767,0.8018894851410293,0.6356006665656719,0.8806252705986323
1,jmsd,1.4000000000000004,optimized,100,15,1.003060302563767,0.8018894851410293,0.6107392607392608,0.9444977333583217
1,jmsd,1.4000000000000004,optimized,100,20,1.003060302563767,0.8018894851410293,0.5974107262222559,0.974215594603821
1,jmsd,1.4000000000000004,optimized,100,25,1.003060302563767,0.8018894851410293,0.5902754496771402,0.9883547223761193
1,jmsd,1.4000000000000004,optimized,100,30,1.003060302563767,0.8018894851410293,0.5860031619251289,0.9945530149302034
1,jmsd,1.4000000000000004,optimized,100,35,1.003060302563767,0.8018894851410293,0.5841946102406311,0.9975185084205398
1,jmsd,1.4000000000000004,optimized,100,40,1.003060302563767,0.8018894851410293,0.5832413137523679,0.9988661519227277
1,jmsd,1.4000000000000004,optimized,100,45,1.003060302563767,0.8018894851410293,0.5829354975081869,0.9996564424007119
1,jmsd,1.4000000000000004,optimized,100,50,1.003060302563767,0.8018894851410293,0.5826300644740571,0.9998283365139382
1,jmsd,1.0,baseline,100,5,1.0048760340632268,0.8035149784147555,0.6776952986921174,0.7161388020067488
1,jmsd,1.0,baseline,100,10,1.0048760340632268,0.8035149784147555,0.6346462657173155,0.8794038590946983
1,jmsd,1.0,baseline,100,15,1.0048760340632268,0.8035149784147555,0.6110927425349483,0.9450305847673716
1,jmsd,1.0,baseline,100,20,1.0048760340632268,0.8035149784147555,0.5973046816835496,0.974270353987422
1,jmsd,1.0,baseline,100,25,1.0048760340632268,0.8035149784147555,0.5903178674926227,0.9884200118281465
1,jmsd,1.0,baseline,100,30,1.0048760340632268,0.8035149784147555,0.585861769206854,0.9943206670512058
1,jmsd,1.0,baseline,100,35,1.0048760340632268,0.8035149784147555,0.5841643118010008,0.9974398425929752
1,jmsd,1.0,baseline,100,40,1.0048760340632268,0.8035149784147555,0.5832678248870445,0.9989349845218466
1,jmsd,1.0,baseline,100,45,1.0048760340632268,0.8035149784147555,0.5829354975081869,0.9996564424007119
1,jmsd,1.0,baseline,100,50,1.0048760340632268,0.8035149784147555,0.5826300644740571,0.9998283365139382
1,jaccard,1.0,optimized,10,5,1.024294171257306,0.8194580807873902,0.6762106751502297,0.7145488343752993
1,jaccard,1.0,optimized,10,10,1.024294171257306,0.8194580807873902,0.631889107710953,0.8766980258473485
1,jaccard,1.0,optimized,10,15,1.024294171257306,0.8194580807873902,0.6098909044296107,0.9435245702900038
1,jaccard,1.0,optimized,10,20,1.024294171257306,0.8194580807873902,0.5964033031045464,0.9727939999137647
1,jaccard,1.0,optimized,10,25,1.024294171257306,0.8194580807873902,0.5898088537068327,0.9878232182545722
1,jaccard,1.0,optimized,10,30,1.024294171257306,0.8194580807873902,0.5858971173864226,0.9943805037418211
1,jaccard,1.0,optimized,10,35,1.024294171257306,0.8194580807873902,0.5841643118010008,0.9975623221564575
1,jaccard,1.0,optimized,10,40,1.024294171257306,0.8194580807873902,0.5832148026176914,0.998813985211268
1,jaccard,1.0,optimized,10,45,1.024294171257306,0.8194580807873902,0.5828883666020952,0.9995337487492321
1,jaccard,1.0,optimized,10,50,1.024294171257306,0.8194580807873902,0.5826088555663158,0.9997903599075277
1,jaccard,1.0,baseline,10,5,1.024294171257306,0.8194580807873902,0.6762106751502297,0.7145488343752993
1,jaccard,1.0,baseline,10,10,1.024294171257306,0.8194580807873902,0.631889107710953,0.8766980258473485
1,jaccard,1.0,baseline,10,15,1.024294171257306,0.8194580807873902,0.6098909044296107,0.9435245702900038
1,jaccard,1.0,baseline,10,20,1.024294171257306,0.8194580807873902,0.5964033031045464,0.9727939999137647
1,jaccard,1.0,baseline,10,25,1.024294171257306,0.8194580807873902,0.5898088537068327,0.9878232182545722
1,jaccard,1.0,baseline,10,30,1.024294171257306,0.8194580807873902,0.5858971173864226,0.9943805037418211
1,jaccard,1.0,baseline,10,35,1.024294171257306,0.8194580807873902,0.5841643118010008,0.9975623221564575
1,jaccard,1.0,baseline,10,40,1.024294171257306,0.8194580807873902,0.5832148026176914,0.998813985211268
1,jaccard,1.0,baseline,10,45,1.024294171257306,0.8194580807873902,0.5828883666020952,0.9995337487492321
1,jaccard,1.0,baseline,10,50,1.024294171257306,0.8194580807873902,0.5826088555663158,0.9997903599075277
1,jaccard,1.0,optimized,20,5,1.0095382363273575,0.8078322738622362,0.678331565924355,0.7183449820484089
1,jaccard,1.0,optimized,20,10,1.0095382363273575,0.8078322738622362,0.6335858203302529,0.8783427588223501
1,jaccard,1.0,optimized,20,15,1.0095382363273575,0.8078322738622362,0.6103857789435733,0.944190970527297
1,jaccard,1.0,optimized,20,20,1.0095382363273575,0.8078322738622362,0.5973577039529028,0.9744389624911715
1,jaccard,1.0,optimized,20,25,1.0095382363273575,0.8078322738622362,0.5901906140461752,0.9883097020655128
1,jaccard,1.0,optimized,20,30,1.0095382363273575,0.8078322738622362,0.5862152510025415,0.9949225582360229
1,jaccard,1.0,optimized,20,35,1.0095382363273575,0.8078322738622362,0.584255207119892,0.9976177108446102
1,jaccard,1.0,optimized,20,40,1.0095382363273575,0.8078322738622362,0.5832413137523679,0.9988502674767772
1,jaccard,1.0,optimized,20,45,1.0095382363273575,0.8078322738622362,0.5829354975081869,0.9996564424007119
1,jaccard,1.0,optimized,20,50,1.0095382363273575,0.8078322738622362,0.5826088555663157,0.9997993543669408
1,jaccard,1.0,baseline,20,5,1.0095382363273575,0.8078322738622362,0.678331565924355,0.7183449820484089
1,jaccard,1.0,baseline,20,10,1.0095382363273575,0.8078322738622362,0.6335858203302529,0.8783427588223501
1,jaccard,1.0,baseline,20,15,1.0095382363273575,0.8078322738622362,0.6103857789435733,0.944190970527297
1,jaccard,1.0,baseline,20,20,1.0095382363273575,0.8078322738622362,0.5973577039529028,0.9744389624911715
1,jaccard,1.0,baseline,20,25,1.0095382363273575,0.8078322738622362,0.5901906140461752,0.9883097020655128
1,jaccard,1.0,baseline,20,30,1.0095382363273575,0.8078322738622362,0.5862152510025415,0.9949225582360229
1,jaccard,1.0,baseline,20,35,1.0095382363273575,0.8078322738622362,0.584255207119892,0.9976177108446102
1,jaccard,1.0,baseline,20,40,1.0095382363273575,0.8078322738622362,0.5832413137523679,0.9988502674767772
1,jaccard,1.0,baseline,20,45,1.0095382363273575,0.8078322738622362,0.5829354975081869,0.9996564424007119
1,jaccard,1.0,baseline,20,50,1.0095382363273575,0.8078322738622362,0.5826088555663157,0.9997993543669408
1,jaccard,1.0,optimized,30,5,1.0062995346545733,0.8045099042130025,0.6821491693177801,0.7216792583214015
1,jaccard,1.0,optimized,30,10,1.0062995346545733,0.8045099042130025,0.634434176639903,0.8794342183893573
1,jaccard,1.0,optimized,30,15,1.0062995346545733,0.8045099042130025,0.6116583134080484,0.9451504706921746
1,jaccard,1.0,optimized,30,20,1.0062995346545733,0.8045099042130025,0.5976228152996684,0.9747420062176428
1,jaccard,1.0,optimized,30,25,1.0062995346545733,0.8045099042130025,0.5904027031235878,0.9885119596726291
1,jaccard,1.0,optimized,30,30,1.0062995346545733,0.8045099042130025,0.5860385101046977,0.9946565973587934
1,jaccard,1.0,optimized,30,35,1.0062995346545733,0.8045099042130025,0.5841340133613705,0.9973780697476122
1,jaccard,1.0,optimized,30,40,1.0062995346545733,0.8045099042130025,0.5832413137523679,0.9988502674767772
1,jaccard,1.0,optimized,30,45,1.0062995346545733,0.8045099042130025,0.5829826284142786,0.9997323956135328
1,jaccard,1.0,optimized,30,50,1.0062995346545733,0.8045099042130025,0.5826088555663157,0.9997993543669408
1,jaccard,1.0,baseline,30,5,1.0062995346545733,0.8045099042130025,0.6821491693177801,0.7216792583214015
1,jaccard,1.0,baseline,30,10,1.0062995346545733,0.8045099042130025,0.634434176639903,0.8794342183893573
1,jaccard,1.0,baseline,30,15,1.0062995346545733,0.8045099042130025,0.6116583134080484,0.9451504706921746
1,jaccard,1.0,baseline,30,20,1.0062995346545733,0.8045099042130025,0.5976228152996684,0.9747420062176428
1,jaccard,1.0,baseline,30,25,1.0062995346545733,0.8045099042130025,0.5904027031235878,0.9885119596726291
1,jaccard,1.0,baseline,30,30,1.0062995346545733,0.8045099042130025,0.5860385101046977,0.9946565973587934
1,jaccard,1.0,baseline,30,35,1.0062995346545733,0.8045099042130025,0.5841340133613705,0.9973780697476122
1,jaccard,1.0,baseline,30,40,1.0062995346545733,0.8045099042130025,0.5832413137523679,0.9988502674767772
1,jaccard,1.0,baseline,30,45,1.0062995346545733,0.8045099042130025,0.5829826284142786,0.9997323956135328
1,jaccard,1.0,baseline,30,50,1.0062995346545733,0.8045099042130025,0.5826088555663157,0.9997993543669408
1,jaccard,1.0,optimized,40,5,1.006781929800972,0.8045815871199045,0.6817249911629552,0.7210840273212185
1,jaccard,1.0,optimized,40,10,1.006781929800972,0.8045815871199045,0.6352825329495532,0.8796912771743394
1,jaccard,1.0,optimized,40,15,1.006781929800972,0.8045815871199045,0.6112341352532233,0.9445601225189609
1,jaccard,1.0,optimized,40,20,1.006781929800972,0.8045815871199045,0.5974637484916089,0.9743135518158276
1,jaccard,1.0,optimized,40,25,1.006781929800972,0.8045815871199045,0.5903178674926228,0.9883286195779742
1,jaccard,1.0,optimized,40,30,1.006781929800972,0.8045815871199045,0.5860738582842664,0.9947499429917865
1,jaccard,1.0,optimized,40,35,1.006781929800972,0.8045815871199045,0.5841340133613706,0.9974107612762971
1,jaccard,1.0,optimized,40,40,1.006781929800972,0.8045815871199045,0.5832413137523679,0.9988563186942822
1,jaccard,1.0,optimized,40,45,1.006781929800972,0.8045815871199045,0.5829354975081869,0.9996564424007119
1,jaccard,1.0,optimized,40,50,1.006781929800972,0.8045815871199045,0.5826300644740571,0.9998283365139382
1,jaccard,1.0,baseline,40,5,1.006781929800972,0.8045815871199045,0.6817249911629552,0.7210840273212185
1,jaccard,1.0,baseline,40,10,1.006781929800972,0.8045815871199045,0.6352825329495532,0.8796912771743394
1,jaccard,1.0,baseline,40,15,1.006781929800972,0.8045815871199045,0.6112341352532233,0.9445601225189609
1,jaccard,1.0,baseline,40,20,1.006781929800972,0.8045815871199045,0.5974637484916089,0.9743135518158276
1,jaccard,1.0,baseline,40,25,1.006781929800972,0.8045815871199045,0.5903178674926228,0.9883286195779742
1,jaccard,1.0,baseline,40,30,1.006781929800972,0.8045815871199045,0.5860738582842664,0.9947499429917865
1,jaccard,1.0,baseline,40,35,1.006781929800972,0.8045815871199045,0.5841340133613706,0.9974107612762971
1,jaccard,1.0,baseline,40,40,1.006781929800972,0.8045815871199045,0.5832413137523679,0.9988563186942822
1,jaccard,1.0,baseline,40,45,1.006781929800972,0.8045815871199045,0.5829354975081869,0.9996564424007119
1,jaccard,1.0,baseline,40,50,1.006781929800972,0.8045815871199045,0.5826300644740571,0.9998283365139382
1,jaccard,1.0,optimized,50,5,1.0076701274116349,0.8053183974815332,0.680876634853305,0.7204766886457498
1,jaccard,1.0,optimized,50,10,1.0076701274116349,0.8053183974815332,0.6343281321011968,0.8785021929637948
1,jaccard,1.0,optimized,50,15,1.0076701274116349,0.8053183974815332,0.6114462243306359,0.9452420805133896
1,jaccard,1.0,optimized,50,20,1.0076701274116349,0.8053183974815332,0.5973046816835497,0.9742740152172731
1,jaccard,1.0,optimized,50,25,1.0076701274116349,0.8053183974815332,0.5901906140461752,0.988313875319889
1,jaccard,1.0,optimized,50,30,1.0076701274116349,0.8053183974815332,0.5859678137455602,0.9944990508129338
1,jaccard,1.0,optimized,50,35,1.0076701274116349,0.8053183974815332,0.5841340133613705,0.9973551255479057
1,jaccard,1.0,optimized,50,40,1.0076701274116349,0.8053183974815332,0.5832148026176914,0.9988183420878717
1,jaccard,1.0,optimized,50,45,1.0076701274116349,0.8053183974815332,0.582911932055141,0.9995777765731474
1,jaccard,1.0,optimized,50,50,1.0076701274116349,0.8053183974815332,0.5826088555663158,0.9997903599075277
1,jaccard,1.0,baseline,50,5,1.0076701274116349,0.8053183974815332,0.680876634853305,0.7204766886457498
1,jaccard,1.0,baseline,50,10,1.0076701274116349,0.8053183974815332,0.6343281321011968,0.8785021929637948
1,jaccard,1.0,baseline,50,15,1.0076701274116349,0.8053183974815332,0.6114462243306359,0.9452420805133896
1,jaccard,1.0,baseline,50,20,1.0076701274116349,0.8053183974815332,0.5973046816835497,0.9742740152172731
1,jaccard,1.0,baseline,50,25,1.0076701274116349,0.8053183974815332,0.5901906140461752,0.988313875319889
1,jaccard,1.0,baseline,50,30,1.0076701274116349,0.8053183974815332,0.5859678137455602,0.9944990508129338
1,jaccard,1.0,baseline,50,35,1.0076701274116349,0.8053183974815332,0.5841340133613705,0.9973551255479057
1,jaccard,1.0,baseline,50,40,1.0076701274116349,0.8053183974815332,0.5832148026176914,0.9988183420878717
1,jaccard,1.0,baseline,50,45,1.0076701274116349,0.8053183974815332,0.582911932055141,0.9995777765731474
1,jaccard,1.0,baseline,50,50,1.0076701274116349,0.8053183974815332,0.5826088555663158,0.9997903599075277
1,jaccard,1.0000000000000004,optimized,60,5,1.008156655369903,0.8059442260287626,0.680028278543655,0.7212155787670986
1,jaccard,1.0000000000000004,optimized,60,10,1.008156655369903,0.8059442260287626,0.6347523102560216,0.8790306646503966
1,jaccard,1.0000000000000004,optimized,60,15,1.008156655369903,0.8059442260287626,0.6108806534575357,0.9445655450840036
1,jaccard,1.0000000000000004,optimized,60,20,1.008156655369903,0.8059442260287626,0.5975167707609621,0.9745822941381533
1,jaccard,1.0000000000000004,optimized,60,25,1.008156655369903,0.8059442260287626,0.5901057784152103,0.9881399786307257
1,jaccard,1.0000000000000004,optimized,60,30,1.008156655369903,0.8059442260287626,0.585861769206854,0.9943655657008272
1,jaccard,1.0000000000000004,optimized,60,35,1.008156655369903,0.8059442260287626,0.5841643118010008,0.9973974840704406
1,jaccard,1.0000000000000004,optimized,60,40,1.008156655369903,0.8059442260287626,0.5832678248870445,0.9989349845218466
1,jaccard,1.0000000000000004,optimized,60,45,1.008156655369903,0.8059442260287626,0.5829354975081869,0.9996564424007119
1,jaccard,1.0000000000000004,optimized,60,50,1.008156655369903,0.8059442260287626,0.5826300644740571,0.9998283365139382
1,jaccard,1.0,baseline,60,5,1.008156655369903,0.8059442260287626,0.680028278543655,0.7212155787670986
1,jaccard,1.0,baseline,60,10,1.008156655369903,0.8059442260287626,0.6347523102560216,0.8790306646503966
1,jaccard,1.0,baseline,60,15,1.008156655369903,0.8059442260287626,0.6108806534575357,0.9445655450840036
1,jaccard,1.0,baseline,60,20,1.008156655369903,0.8059442260287626,0.5975167707609621,0.9745822941381533
1,jaccard,1.0,baseline,60,25,1.008156655369903,0.8059442260287626,0.5901057784152103,0.9881399786307257
1,jaccard,1.0,baseline,60,30,1.008156655369903,0.8059442260287626,0.585861769206854,0.9943655657008272
1,jaccard,1.0,baseline,60,35,1.008156655369903,0.8059442260287626,0.5841643118010008,0.9973974840704406
1,jaccard,1.0,baseline,60,40,1.008156655369903,0.8059442260287626,0.5832678248870445,0.9989349845218466
1,jaccard,1.0,baseline,60,45,1.008156655369903,0.8059442260287626,0.5829354975081869,0.9996564424007119
1,jaccard,1.0,baseline,60,50,1.008156655369903,0.8059442260287626,0.5826300644740571,0.9998283365139382
1,jaccard,1.0,optimized,70,5,1.0085371068632314,0.8064891096476392,0.68045245669848,0.7204359636997347
1,jaccard,1.0,optimized,70,10,1.0085371068632314,0.8064891096476392,0.6345402211786093,0.8789832023231984
1,jaccard,1.0,optimized,70,15,1.0085371068632314,0.8064891096476392,0.6107392607392608,0.9444642762558375
1,jaccard,1.0,optimized,70,20,1.0085371068632314,0.8064891096476392,0.597039570336784,0.9739579226154801
1,jaccard,1.0,optimized,70,25,1.0085371068632314,0.8064891096476392,0.5901481962306927,0.9882328816283643
1,jaccard,1.0,optimized,70,30,1.0085371068632314,0.8064891096476392,0.5858264210272851,0.9943736449437545
1,jaccard,1.0,optimized,70,35,1.0085371068632314,0.8064891096476392,0.5841340133613705,0.9973957897295391
1,jaccard,1.0,optimized,70,40,1.0085371068632314,0.8064891096476392,0.583241313752368,0.9988970079154361
1,jaccard,1.0,optimized,70,45,1.0085371068632314,0.8064891096476392,0.5829354975081869,0.9996564424007119
1,jaccard,1.0,optimized,70,50,1.0085371068632314,0.8064891096476392,0.5826300644740571,0.9998283365139382
1,jaccard,1.0,baseline,70,5,1.0085371068632314,0.8064891096476392,0.68045245669848,0.7204359636997347
1,jaccard,1.0,baseline,70,10,1.0085371068632314,0.8064891096476392,0.6345402211786093,0.8789832023231984
1,jaccard,1.0,baseline,70,15,1.0085371068632314,0.8064891096476392,0.6107392607392608,0.9444642762558375
1,jaccard,1.0,baseline,70,20,1.0085371068632314,0.8064891096476392,0.597039570336784,0.9739579226154801
1,jaccard,1.0,baseline,70,25,1.0085371068632314,0.8064891096476392,0.5901481962306927,0.9882328816283643
1,jaccard,1.0,baseline,70,30,1.0085371068632314,0.8064891096476392,0.5858264210272851,0.9943736449437545
1,jaccard,1.0,baseline,70,35,1.0085371068632314,0.8064891096476392,0.5841340133613705,0.9973957897295391
1,jaccard,1.0,baseline,70,40,1.0085371068632314,0.8064891096476392,0.583241313752368,0.9988970079154361
1,jaccard,1.0,baseline,70,45,1.0085371068632314,0.8064891096476392,0.5829354975081869,0.9996564424007119
1,jaccard,1.0,baseline,70,50,1.0085371068632314,0.8064891096476392,0.5826300644740571,0.9998283365139382
1,jaccard,1.0,optimized,80,5,1.0089751049298792,0.807142934391197,0.68045245669848,0.7199673260069271
1,jaccard,1.0,optimized,80,10,1.0089751049298792,0.807142934391197,0.6343281321011968,0.8786862640665767
1,jaccard,1.0,optimized,80,15,1.0089751049298792,0.807142934391197,0.6107392607392608,0.9445927267765529
1,jaccard,1.0,optimized,80,20,1.0089751049298792,0.807142934391197,0.5971456148754903,0.974032155387371
1,jaccard,1.0,optimized,80,25,1.0089751049298792,0.807142934391197,0.5902754496771402,0.9883872232701378
1,jaccard,1.0,optimized,80,30,1.0089751049298792,0.807142934391197,0.585861769206854,0.9944176978071907
1,jaccard,1.0,optimized,80,35,1.0089751049298792,0.807142934391197,0.5841340133613705,0.9973957897295391
1,jaccard,1.0,optimized,80,40,1.0089751049298792,0.807142934391197,0.5832678248870445,0.9989349845218466
1,jaccard,1.0,optimized,80,45,1.0089751049298792,0.807142934391197,0.5829354975081869,0.9996564424007119
1,jaccard,1.0,optimized,80,50,1.0089751049298792,0.807142934391197,0.5826300644740571,0.9998283365139382
1,jaccard,1.0,baseline,80,5,1.0089751049298792,0.807142934391197,0.68045245669848,0.7199673260069271
1,jaccard,1.0,baseline,80,10,1.0089751049298792,0.807142934391197,0.6343281321011968,0.8786862640665767
1,jaccard,1.0,baseline,80,15,1.0089751049298792,0.807142934391197,0.6107392607392608,0.9445927267765529
1,jaccard,1.0,baseline,80,20,1.0089751049298792,0.807142934391197,0.5971456148754903,0.974032155387371
1,jaccard,1.0,baseline,80,25,1.0089751049298792,0.807142934391197,0.5902754496771402,0.9883872232701378
1,jaccard,1.0,baseline,80,30,1.0089751049298792,0.807142934391197,0.585861769206854,0.9944176978071907
1,jaccard,1.0,baseline,80,35,1.0089751049298792,0.807142934391197,0.5841340133613705,0.9973957897295391
1,jaccard,1.0,baseline,80,40,1.0089751049298792,0.807142934391197,0.5832678248870445,0.9989349845218466
1,jaccard,1.0,baseline,80,45,1.0089751049298792,0.807142934391197,0.5829354975081869,0.9996564424007119
1,jaccard,1.0,baseline,80,50,1.0089751049298792,0.807142934391197,0.5826300644740571,0.9998283365139382
1,jaccard,1.0,optimized,90,5,1.0094729916117964,0.8076506940480164,0.6798161894662426,0.7190764430274424
1,jaccard,1.0,optimized,90,10,1.0094729916117964,0.8076506940480164,0.6342220875624905,0.8787905660432735
1,jaccard,1.0,optimized,90,15,1.0094729916117964,0.8076506940480164,0.6106685643801233,0.944486474908911
1,jaccard,1.0,optimized,90,20,1.0094729916117964,0.8076506940480164,0.5972516594141963,0.9742004288073647
1,jaccard,1.0,optimized,90,25,1.0094729916117964,0.8076506940480164,0.5903602853081051,0.9884555383309177
1,jaccard,1.0,optimized,90,30,1.0094729916117964,0.8076506940480164,0.5858971173864227,0.9943592287313845
1,jaccard,1.0,optimized,90,35,1.0094729916117964,0.8076506940480164,0.5841643118010008,0.9974398425929752
1,jaccard,1.0,optimized,90,40,1.0094729916117964,0.8076506940480164,0.5832678248870445,0.9989349845218466
1,jaccard,1.0,optimized,90,45,1.0094729916117964,0.8076506940480164,0.5829119320551411,0.9995777765731474
1,jaccard,1.0,optimized,90,50,1.0094729916117964,0.8076506940480164,0.5826300644740571,0.9998283365139382
1,jaccard,1.0,baseline,90,5,1.0094729916117964,0.8076506940480164,0.6798161894662426,0.7190764430274424
1,jaccard,1.0,baseline,90,10,1.0094729916117964,0.8076506940480164,0.6342220875624905,0.8787905660432735
1,jaccard,1.0,baseline,90,15,1.0094729916117964,0.8076506940480164,0.6106685643801233,0.944486474908911
1,jaccard,1.0,baseline,90,20,1.0094729916117964,0.8076506940480164,0.5972516594141963,0.9742004288073647
1,jaccard,1.0,baseline,90,25,1.0094729916117964,0.8076506940480164,0.5903602853081051,0.9884555383309177
1,jaccard,1.0,baseline,90,30,1.0094729916117964,0.8076506940480164,0.5858971173864227,0.9943592287313845
1,jaccard,1.0,baseline,90,35,1.0094729916117964,0.8076506940480164,0.5841643118010008,0.9974398425929752
1,jaccard,1.0,baseline,90,40,1.0094729916117964,0.8076506940480164,0.5832678248870445,0.9989349845218466
1,jaccard,1.0,baseline,90,45,1.0094729916117964,0.8076506940480164,0.5829119320551411,0.9995777765731474
1,jaccard,1.0,baseline,90,50,1.0094729916117964,0.8076506940480164,0.5826300644740571,0.9998283365139382
1,jaccard,1.0,optimized,100,5,1.0099012595989452,0.8081664528778254,0.6772711205372923,0.7158971231031758
1,jaccard,1.0,optimized,100,10,1.0099012595989452,0.8081664528778254,0.6336918648689592,0.878331245762625
1,jaccard,1.0,optimized,100,15,1.0099012595989452,0.8081664528778254,0.6106685643801233,0.9445345132911237
1,jaccard,1.0,optimized,100,20,1.0099012595989452,0.8081664528778254,0.5972516594141963,0.9742091694548719
1,jaccard,1.0,optimized,100,25,1.0099012595989452,0.8081664528778254,0.5903178674926227,0.9884200118281465
1,jaccard,1.0,optimized,100,30,1.0099012595989452,0.8081664528778254,0.5858264210272851,0.9942644263238068
1,jaccard,1.0,optimized,100,35,1.0099012595989452,0.8081664528778254,0.5841340133613705,0.9973551255479057
1,jaccard,1.0,optimized,100,40,1.0099012595989452,0.8081664528778254,0.5832678248870445,0.9989349845218466
1,jaccard,1.0,optimized,100,45,1.0099012595989452,0.8081664528778254,0.5829119320551411,0.9995777765731474
1,jaccard,1.0,optimized,100,50,1.0099012595989452,0.8081664528778254,0.5826300644740571,0.9998283365139382
1,jaccard,1.0,baseline,100,5,1.0099012595989452,0.8081664528778254,0.6772711205372923,0.7158971231031758
1,jaccard,1.0,baseline,100,10,1.0099012595989452,0.8081664528778254,0.6336918648689592,0.878331245762625
1,jaccard,1.0,baseline,100,15,1.0099012595989452,0.8081664528778254,0.6106685643801233,0.9445345132911237
1,jaccard,1.0,baseline,100,20,1.0099012595989452,0.8081664528778254,0.5972516594141963,0.9742091694548719
1,jaccard,1.0,baseline,100,25,1.0099012595989452,0.8081664528778254,0.5903178674926227,0.9884200118281465
1,jaccard,1.0,baseline,100,30,1.0099012595989452,0.8081664528778254,0.5858264210272851,0.9942644263238068
1,jaccard,1.0,baseline,100,35,1.0099012595989452,0.8081664528778254,0.5841340133613705,0.9973551255479057
1,jaccard,1.0,baseline,100,40,1.0099012595989452,0.8081664528778254,0.5832678248870445,0.9989349845218466
1,jaccard,1.0,baseline,100,45,1.0099012595989452,0.8081664528778254,0.5829119320551411,0.9995777765731474
1,jaccard,1.0,baseline,100,50,1.0099012595989452,0.8081664528778254,0.5826300644740571,0.9998283365139382
1,spcc,1.4500000000000004,optimized,10,5,1.0258487318113598,0.8136039647848212,0.673029338989042,0.7167105083794387
1,spcc,1.4500000000000004,optimized,10,10,1.0258487318113598,0.8136039647848212,0.6311467959400091,0.8756882586434702
1,spcc,1.4500000000000004,optimized,10,15,1.0258487318113598,0.8136039647848212,0.6105978680209858,0.9444165406307125
1,spcc,1.4500000000000004,optimized,10,20,1.0258487318113598,0.8136039647848212,0.5974637484916089,0.9746359801236174
1,spcc,1.4500000000000004,optimized,10,25,1.0258487318113598,0.8136039647848212,0.5905299565700352,0.9887958193431582
1,spcc,1.4500000000000004,optimized,10,30,1.0258487318113598,0.8136039647848212,0.586427340079954,0.9952095727424116
1,spcc,1.4500000000000004,optimized,10,35,1.0258487318113598,0.8136039647848212,0.5842249086802616,0.9975297421301087
1,spcc,1.4500000000000004,optimized,10,40,1.0258487318113598,0.8136039647848212,0.5832943360217212,0.9990590579590174
1,spcc,1.4500000000000004,optimized,10,45,1.0258487318113598,0.8136039647848212,0.582911932055141,0.9996184657943016
1,spcc,1.4500000000000004,optimized,10,50,1.0258487318113598,0.8136039647848212,0.5826512733817983,0.9998483242015227
1,spcc,1.0,baseline,10,5,1.023859904438512,0.8124142151512359,0.673029338989042,0.7174202220806981
1,spcc,1.0,baseline,10,10,1.023859904438512,0.8124142151512359,0.6314649295561278,0.8757575058345937
1,spcc,1.0,baseline,10,15,1.023859904438512,0.8124142151512359,0.6105271716618482,0.9442200111654057
1,spcc,1.0,baseline,10,20,1.023859904438512,0.8124142151512359,0.5975167707609621,0.9746051424288772
1,spcc,1.0,baseline,10,25,1.023859904438512,0.8124142151512359,0.5904027031235878,0.9886446243344873
1,spcc,1.0,baseline,10,30,1.023859904438512,0.8124142151512359,0.5864980364390914,0.9953101184673095
1,spcc,1.0,baseline,10,35,1.023859904438512,0.8124142151512359,0.5842249086802616,0.9975297421301087
1,spcc,1.0,baseline,10,40,1.023859904438512,0.8124142151512359,0.5832678248870445,0.998974340913948
1,spcc,1.0,baseline,10,45,1.023859904438512,0.8124142151512359,0.582911932055141,0.9996184657943016
1,spcc,1.0,baseline,10,50,1.023859904438512,0.8124142151512359,0.5826512733817983,0.9998483242015227
1,spcc,2.549999999999998,optimized,20,5,1.0145591230041469,0.8052187313965845,0.6796041003888299,0.7204145481127112
1,spcc,2.549999999999998,optimized,20,10,1.0145591230041469,0.8052187313965845,0.6337979094076656,0.8781483904014665
1,spcc,2.549999999999998,optimized,20,15,1.0145591230041469,0.8052187313965845,0.6109513498166733,0.9448753228338619
1,spcc,2.549999999999998,optimized,20,20,1.0145591230041469,0.8052187313965845,0.5983121048012591,0.9755666745260746
1,spcc,2.549999999999998,optimized,20,25,1.0145591230041469,0.8052187313965845,0.5904027031235878,0.988601945832391
1,spcc,2.549999999999998,optimized,20,30,1.0145591230041469,0.8052187313965845,0.5864626882595227,0.9951507043186159
1,spcc,2.549999999999998,optimized,20,35,1.0145591230041469,0.8052187313965845,0.5844369977576741,0.9979088122685651
1,spcc,2.549999999999998,optimized,20,40,1.0145591230041469,0.8052187313965845,0.5832943360217212,0.9990068662080371
1,spcc,2.549999999999998,optimized,20,45,1.0145591230041469,0.8052187313965845,0.5829354975081869,0.9996564424007119
1,spcc,2.549999999999998,optimized,20,50,1.0145591230041469,0.8052187313965845,0.5826512733817983,0.9998483242015227
1,spcc,1.0,baseline,20,5,1.0046655840742202,0.8000096325853618,0.6829975256274302,0.7228741303870975
1,spcc,1.0,baseline,20,10,1.0046655840742202,0.8000096325853618,0.635706711104378,0.8805324844714554
1,spcc,1.0,baseline,20,15,1.0046655840742202,0.8000096325853618,0.6110220461758108,0.9447663331945312
1,spcc,1.0,baseline,20,20,1.0046655840742202,0.8000096325853618,0.5980469934544934,0.9752508663678489
1,spcc,1.0,baseline,20,25,1.0046655840742202,0.8000096325853618,0.5905723743855177,0.9888921848878456
1,spcc,1.0,baseline,20,30,1.0046655840742202,0.8000096325853618,0.5863566437208164,0.9950646313632188
1,spcc,1.0,baseline,20,35,1.0046655840742202,0.8000096325853618,0.5842855055595222,0.9976401791668675
1,spcc,1.0,baseline,20,40,1.0046655840742202,0.8000096325853618,0.5832678248870445,0.9989786977905515
1,spcc,1.0,baseline,20,45,1.0046655840742202,0.8000096325853618,0.5829590629612327,0.9996944190071223
1,spcc,1.0,baseline,20,50,1.0046655840742202,0.8000096325853618,0.5826724822895395,0.9998863008079331
1,spcc,3.0,optimized,30,5,1.0136674873182996,0.8043497573245283,0.6785436550017674,0.7198231460743754
1,spcc,3.0,optimized,30,10,1.0136674873182996,0.8043497573245283,0.6335858203302529,0.8776487345360026
1,spcc,3.0,optimized,30,15,1.0136674873182996,0.8043497573245283,0.6117290097671859,0.9459037353367094
1,spcc,3.0,optimized,30,20,1.0136674873182996,0.8043497573245283,0.5982590825319059,0.9755163742062436
1,spcc,3.0,optimized,30,25,1.0136674873182996,0.8043497573245283,0.5906572100164827,0.9889916127223071
1,spcc,3.0,optimized,30,30,1.0136674873182996,0.8043497573245283,0.586427340079954,0.9951048159192033
1,spcc,3.0,optimized,30,35,1.0136674873182996,0.8043497573245283,0.5844066993180438,0.9978803059122833
1,spcc,3.0,optimized,30,40,1.0136674873182996,0.8043497573245283,0.5832943360217211,0.999047555429191
1,spcc,3.0,optimized,30,45,1.0136674873182996,0.8043497573245283,0.5829590629612327,0.9996854245477094
1,spcc,3.0,optimized,30,50,1.0136674873182996,0.8043497573245283,0.5826512733817983,0.9998483242015227
1,spcc,1.0,baseline,30,5,0.9999941283289445,0.7972000377651302,0.6838458819370804,0.7233008804870974
1,spcc,1.0,baseline,30,10,0.9999941283289445,0.7972000377651302,0.6364490228753219,0.8814661281172516
1,spcc,1.0,baseline,30,15,0.9999941283289445,0.7972000377651302,0.6116583134080483,0.9453202837890452
1,spcc,1.0,baseline,30,20,0.9999941283289445,0.7972000377651302,0.5982060602625527,0.9754630570338595
1,spcc,1.0,baseline,30,25,0.9999941283289445,0.7972000377651302,0.5905299565700353,0.9888477885884371
1,spcc,1.0,baseline,30,30,0.9999941283289445,0.7972000377651302,0.5865333846186601,0.9953373097798687
1,spcc,1.0,baseline,30,35,0.9999941283289445,0.7972000377651302,0.5842855055595223,0.9976540613717317
1,spcc,1.0,baseline,30,40,0.9999941283289445,0.7972000377651302,0.5832678248870445,0.9989697033311384
1,spcc,1.0,baseline,30,45,0.9999941283289445,0.7972000377651302,0.5829826284142786,0.9997234011541198
1,spcc,1.0,baseline,30,50,0.9999941283289445,0.7972000377651302,0.5826724822895395,0.9998863008079331
1,spcc,3.5,optimized,40,5,1.0172482750454754,0.8060752890952292,0.680028278543655,0.7205088349263554
1,spcc,3.5,optimized,40,10,1.0172482750454754,0.8060752890952292,0.6340099984850781,0.878148718731722
1,spcc,3.5,optimized,40,15,1.0172482750454754,0.8060752890952292,0.6113755279714983,0.9454950744703521
1,spcc,3.5,optimized,40,20,1.0172482750454754,0.8060752890952292,0.5980469934544934,0.9753097978769756
1,spcc,3.5,optimized,40,25,1.0172482750454754,0.8060752890952292,0.5906996278319653,0.988959324050875
1,spcc,3.5,optimized,40,30,1.0172482750454754,0.8060752890952292,0.5863919919003853,0.9949909237751766
1,spcc,3.5,optimized,40,35,1.0172482750454754,0.8060752890952292,0.584346102438783,0.9978403403350004
1,spcc,3.5,optimized,40,40,1.0172482750454754,0.8060752890952292,0.5832943360217211,0.999047555429191
1,spcc,3.5,optimized,40,45,1.0172482750454754,0.8060752890952292,0.5829590629612327,0.9996854245477094
1,spcc,3.5,optimized,40,50,1.0172482750454754,0.8060752890952292,0.5826512733817983,0.9998483242015227
1,spcc,1.0,baseline,40,5,0.998501291684005,0.7959203759155408,0.6823612583951927,0.7212129856565219
1,spcc,1.0,baseline,40,10,0.998501291684005,0.7959203759155408,0.6371913346462658,0.8815727143378634
1,spcc,1.0,baseline,40,15,0.998501291684005,0.7959203759155408,0.6116583134080483,0.9453300511057114
1,spcc,1.0,baseline,40,20,0.998501291684005,0.7959203759155408,0.5980469934544934,0.9754390336726101
1,spcc,1.0,baseline,40,25,0.998501291684005,0.7959203759155408,0.5905723743855178,0.9888663288465148
1,spcc,1.0,baseline,40,30,0.998501291684005,0.7959203759155408,0.586427340079954,0.9951056942132995
1,spcc,1.0,baseline,40,35,0.998501291684005,0.7959203759155408,0.5841340133613705,0.9974283137260964
1,spcc,1.0,baseline,40,40,0.998501291684005,0.7959203759155408,0.5832678248870445,0.9989697033311384
1,spcc,1.0,baseline,40,45,0.998501291684005,0.7959203759155408,0.5829590629612327,0.9996854245477094
1,spcc,1.0,baseline,40,50,0.998501291684005,0.7959203759155408,0.5826724822895395,0.9998863008079331
1,spcc,3.5,optimized,50,5,1.0164328157782216,0.8056386937788819,0.680876634853305,0.7210544478214859
1,spcc,3.5,optimized,50,10,1.0164328157782216,0.8056386937788819,0.6340099984850781,0.8781419279209666
1,spcc,3.5,optimized,50,15,1.0164328157782216,0.8056386937788819,0.6115169206897733,0.9456643479286676
1,spcc,3.5,optimized,50,20,1.0164328157782216,0.8056386937788819,0.5980469934544933,0.975283045125901
1,spcc,3.5,optimized,50,25,1.0164328157782216,0.8056386937788819,0.5904875387545526,0.9887510225673709
1,spcc,3.5,optimized,50,30,1.0164328157782216,0.8056386937788819,0.5863212955412477,0.994922608714397
1,spcc,3.5,optimized,50,35,1.0164328157782216,0.8056386937788819,0.5843764008784135,0.9978783169414108
1,spcc,3.5,optimized,50,40,1.0164328157782216,0.8056386937788819,0.5832943360217211,0.999047555429191
1,spcc,3.5,optimized,50,45,1.0164328157782216,0.8056386937788819,0.5829590629612327,0.9996854245477094
1,spcc,3.5,optimized,50,50,1.0164328157782216,0.8056386937788819,0.5826512733817983,0.9998483242015227
1,spcc,1.0,baseline,50,5,0.9981929949090899,0.7962277615789503,0.6832096147048426,0.7222503881772308
1,spcc,1.0,baseline,50,10,0.9981929949090899,0.7962277615789503,0.6367671564914407,0.8814527642852968
1,spcc,1.0,baseline,50,15,0.9981929949090899,0.7962277615789503,0.6117997061263233,0.9455722936002332
1,spcc,1.0,baseline,50,20,0.9981929949090899,0.7962277615789503,0.5981530379931997,0.9755324256800064
1,spcc,1.0,baseline,50,25,0.9981929949090899,0.7962277615789503,0.5906572100164827,0.9890012934087923
1,spcc,1.0,baseline,50,30,0.9981929949090899,0.7962277615789503,0.5863566437208164,0.9950571589665264
1,spcc,1.0,baseline,50,35,0.9981929949090899,0.7962277615789503,0.5842249086802617,0.9975316605901768
1,spcc,1.0,baseline,50,40,0.9981929949090899,0.7962277615789503,0.5832678248870445,0.9989697033311384
1,spcc,1.0,baseline,50,45,0.9981929949090899,0.7962277615789503,0.5829590629612327,0.9996854245477094
1,spcc,1.0,baseline,50,50,0.9981929949090899,0.7962277615789503,0.5826724822895395,0.9998863008079331
1,spcc,3.5,optimized,60,5,1.016186410233355,0.8055842761611978,0.68045245669848,0.7206416087237767
1,spcc,3.5,optimized,60,10,1.016186410233355,0.8055842761611978,0.6343281321011968,0.8784606945894998
1,spcc,3.5,optimized,60,15,1.016186410233355,0.8055842761611978,0.6114462243306359,0.9456113134789881
1,spcc,3.5,optimized,60,20,1.016186410233355,0.8055842761611978,0.5979409489157871,0.9751545576075455
1,spcc,3.5,optimized,60,25,1.016186410233355,0.8055842761611978,0.5904451209390702,0.9887069697039347
1,spcc,3.5,optimized,60,30,1.016186410233355,0.8055842761611978,0.5863212955412477,0.994922608714397
1,spcc,3.5,optimized,60,35,1.016186410233355,0.8055842761611978,0.5844066993180438,0.9979191066297776
1,spcc,3.5,optimized,60,40,1.016186410233355,0.8055842761611978,0.5832943360217211,0.999047555429191
1,spcc,3.5,optimized,60,45,1.016186410233355,0.8055842761611978,0.5829590629612327,0.9996854245477094
1,spcc,3.5,optimized,60,50,1.016186410233355,0.8055842761611978,0.5826512733817983,0.9998483242015227
1,spcc,1.0,baseline,60,5,0.9986592792489769,0.797002675290558,0.6844821491693178,0.7233813951349535
1,spcc,1.0,baseline,60,10,0.9986592792489769,0.797002675290558,0.6371913346462658,0.8815038541941559
1,spcc,1.0,baseline,60,15,0.9986592792489769,0.797002675290558,0.6113755279714983,0.9451160158871957
1,spcc,1.0,baseline,60,20,0.9986592792489769,0.797002675290558,0.5978879266464341,0.975273529819293
1,spcc,1.0,baseline,60,25,0.9986592792489769,0.797002675290558,0.5907420456474477,0.989121140753161
1,spcc,1.0,baseline,60,30,0.9986592792489769,0.797002675290558,0.5863212955412476,0.9950470028295444
1,spcc,1.0,baseline,60,35,0.9986592792489769,0.797002675290558,0.5841946102406312,0.9974668769674766
1,spcc,1.0,baseline,60,40,0.9986592792489769,0.797002675290558,0.5832943360217211,0.9990137561945747
1,spcc,1.0,baseline,60,45,0.9986592792489769,0.797002675290558,0.5829826284142786,0.9997144066947068
1,spcc,1.0,baseline,60,50,0.9986592792489769,0.797002675290558,0.5826724822895395,0.9998863008079331
1,spcc,4.0,optimized,70,5,1.022612759339269,0.8095488917422156,0.6781194768469423,0.7193779075849237
1,spcc,4.0,optimized,70,10,1.022612759339269,0.8095488917422156,0.6333737312528405,0.8780532044162025
1,spcc,4.0,optimized,70,15,1.022612759339269,0.8095488917422156,0.6113755279714984,0.9456507336765028
1,spcc,4.0,optimized,70,20,1.022612759339269,0.8095488917422156,0.5982060602625527,0.9755530025866839
1,spcc,4.0,optimized,70,25,1.022612759339269,0.8095488917422156,0.5904875387545526,0.9886088557261906
1,spcc,4.0,optimized,70,30,1.022612759339269,0.8095488917422156,0.5862859473616788,0.9949422245675393
1,spcc,4.0,optimized,70,35,1.022612759339269,0.8095488917422156,0.5844066993180438,0.9979191066297776
1,spcc,4.0,optimized,70,40,1.022612759339269,0.8095488917422156,0.5832943360217212,0.9990068662080371
1,spcc,4.0,optimized,70,45,1.022612759339269,0.8095488917422156,0.5829590629612327,0.9996854245477094
1,spcc,4.0,optimized,70,50,1.022612759339269,0.8095488917422156,0.5826300644740571,0.9998103475951122
1,spcc,1.0,baseline,70,5,0.999071835849679,0.7975373193261844,0.6840579710144927,0.7225214995303905
1,spcc,1.0,baseline,70,10,0.999071835849679,0.7975373193261844,0.637297379184972,0.8816099851755359
1,spcc,1.0,baseline,70,15,0.999071835849679,0.7975373193261844,0.6113755279714983,0.9450745738830029
1,spcc,1.0,baseline,70,20,0.999071835849679,0.7975373193261844,0.5978879266464341,0.9751416504342836
1,spcc,1.0,baseline,70,25,0.999071835849679,0.7975373193261844,0.5907420456474477,0.9890856473545794
1,spcc,1.0,baseline,70,30,0.999071835849679,0.7975373193261844,0.5862859473616788,0.9949893481738721
1,spcc,1.0,baseline,70,35,0.999071835849679,0.7975373193261844,0.5842249086802617,0.9975455427950413
1,spcc,1.0,baseline,70,40,0.999071835849679,0.7975373193261844,0.5832943360217211,0.9990137561945747
1,spcc,1.0,baseline,70,45,0.999071835849679,0.7975373193261844,0.5829826284142786,0.9997144066947068
1,spcc,1.0,baseline,70,50,0.999071835849679,0.7975373193261844,0.5826724822895395,0.9998863008079331
1,spcc,4.0,optimized,80,5,1.0225332818865223,0.809500687587876,0.6787557440791798,0.7196431410265205
1,spcc,4.0,optimized,80,10,1.0225332818865223,0.809500687587876,0.6333737312528405,0.8777835513057876
1,spcc,4.0,optimized,80,15,1.0225332818865223,0.809500687587876,0.6114462243306359,0.9456947865399389
1,spcc,4.0,optimized,80,20,1.0225332818865223,0.809500687587876,0.5983121048012591,0.9756344286187244
1,spcc,4.0,optimized,80,25,1.0225332818865223,0.809500687587876,0.5904875387545526,0.988649519907824
1,spcc,4.0,optimized,80,30,1.0225332818865223,0.809500687587876,0.5863566437208164,0.9950602233088861
1,spcc,4.0,optimized,80,35,1.0225332818865223,0.809500687587876,0.5844066993180438,0.9979191066297776
1,spcc,4.0,optimized,80,40,1.0225332818865223,0.809500687587876,0.5832943360217212,0.9990068662080371
1,spcc,4.0,optimized,80,45,1.0225332818865223,0.809500687587876,0.5829590629612327,0.9996854245477094
1,spcc,4.0,optimized,80,50,1.0225332818865223,0.809500687587876,0.5826300644740571,0.9998103475951122
1,spcc,1.0,baseline,80,5,0.9995904398010887,0.7979285228168452,0.6844821491693178,0.7229260514248612
1,spcc,1.0,baseline,80,10,0.9995904398010887,0.7979285228168452,0.6375094682623845,0.8820267482134442
1,spcc,1.0,baseline,80,15,0.9995904398010887,0.7979285228168452,0.6111634388940858,0.944819125220561
1,spcc,1.0,baseline,80,20,0.9995904398010887,0.7979285228168452,0.5978349043770809,0.9750725257135244
1,spcc,1.0,baseline,80,25,0.9995904398010887,0.7979285228168452,0.5906147922010003,0.9889044335610309
1,spcc,1.0,baseline,80,30,0.9995904398010887,0.7979285228168452,0.5862505991821101,0.9949434597744595
1,spcc,1.0,baseline,80,35,0.9995904398010887,0.7979285228168452,0.5842249086802617,0.9975455427950413
1,spcc,1.0,baseline,80,40,0.9995904398010887,0.7979285228168452,0.5832943360217211,0.9990137561945747
1,spcc,1.0,baseline,80,45,0.9995904398010887,0.7979285228168452,0.5829826284142786,0.9997144066947068
1,spcc,1.0,baseline,80,50,0.9995904398010887,0.7979285228168452,0.5826724822895395,0.9998863008079331
1,spcc,4.0,optimized,90,5,1.0225035398141742,0.8095112935283069,0.6785436550017674,0.7196326974597576
1,spcc,4.0,optimized,90,10,1.0225035398141742,0.8095112935283069,0.6334797757915468,0.8778569727448478
1,spcc,4.0,optimized,90,15,1.0225035398141742,0.8095112935283069,0.6116583134080484,0.9459476000375936
1,spcc,4.0,optimized,90,20,1.0225035398141742,0.8095112935283069,0.5982590825319059,0.9755557627911597
1,spcc,4.0,optimized,90,25,1.0225035398141742,0.8095112935283069,0.5904875387545526,0.988649519907824
1,spcc,4.0,optimized,90,30,1.0225035398141742,0.8095112935283069,0.5863212955412477,0.9950208903951038
1,spcc,4.0,optimized,90,35,1.0225035398141742,0.8095112935283069,0.5844066993180438,0.9979191066297776
1,spcc,4.0,optimized,90,40,1.0225035398141742,0.8095112935283069,0.5832943360217212,0.9990068662080371
1,spcc,4.0,optimized,90,45,1.0225035398141742,0.8095112935283069,0.5829590629612327,0.9996854245477094
1,spcc,4.0,optimized,90,50,1.0225035398141742,0.8095112935283069,0.5826300644740571,0.9998103475951122
1,spcc,1.0,baseline,90,5,1.0000311469315404,0.7984144687388778,0.6832096147048426,0.7220750090625214
1,spcc,1.0,baseline,90,10,1.0000311469315404,0.7984144687388778,0.6374034237236782,0.8819243347441547
1,spcc,1.0,baseline,90,15,1.0000311469315404,0.7984144687388778,0.6110927425349483,0.9448470146096839
1,spcc,1.0,baseline,90,20,1.0000311469315404,0.7984144687388778,0.597834904377081,0.975052592291155
1,spcc,1.0,baseline,90,25,1.0000311469315404,0.7984144687388778,0.5906572100164827,0.9889830993885953
1,spcc,1.0,baseline,90,30,1.0000311469315404,0.7984144687388778,0.5862505991821101,0.9949434597744595
1,spcc,1.0,baseline,90,35,1.0000311469315404,0.7984144687388778,0.5841946102406312,0.997480759172341
1,spcc,1.0,baseline,90,40,1.0000311469315404,0.7984144687388778,0.5832943360217211,0.9990137561945747
1,spcc,1.0,baseline,90,45,1.0000311469315404,0.7984144687388778,0.5829826284142786,0.9997144066947068
1,spcc,1.0,baseline,90,50,1.0000311469315404,0.7984144687388778,0.5826724822895395,0.9998863008079331
1,spcc,4.0,optimized,100,5,1.0224713801969263,0.8094799063829798,0.6789678331565924,0.7199337675561338
1,spcc,4.0,optimized,100,10,1.0224713801969263,0.8094799063829798,0.6333737312528404,0.877898825021735
1,spcc,4.0,optimized,100,15,1.0224713801969263,0.8094799063829798,0.6116583134080484,0.9459476000375936
1,spcc,4.0,optimized,100,20,1.0224713801969263,0.8094799063829798,0.5982590825319059,0.9755557627911597
1,spcc,4.0,optimized,100,25,1.0224713801969263,0.8094799063829798,0.5904875387545526,0.988649519907824
1,spcc,4.0,optimized,100,30,1.0224713801969263,0.8094799063829798,0.5863212955412476,0.9949815574813217
1,spcc,4.0,optimized,100,35,1.0224713801969263,0.8094799063829798,0.5844066993180438,0.9979191066297776
1,spcc,4.0,optimized,100,40,1.0224713801969263,0.8094799063829798,0.5832943360217212,0.9990068662080371
1,spcc,4.0,optimized,100,45,1.0224713801969263,0.8094799063829798,0.5829590629612327,0.9996854245477094
1,spcc,4.0,optimized,100,50,1.0224713801969263,0.8094799063829798,0.5826300644740571,0.9998103475951122
1,spcc,1.0,baseline,100,5,1.0002600818023049,0.7985570756074838,0.6842700600919053,0.722819664553873
1,spcc,1.0,baseline,100,10,1.0002600818023049,0.7985570756074838,0.6376155128010906,0.8820250739457195
1,spcc,1.0,baseline,100,15,1.0002600818023049,0.7985570756074838,0.6113048316123608,0.9451265808584132
1,spcc,1.0,baseline,100,20,1.0002600818023049,0.7985570756074838,0.5976228152996684,0.9748217363658188
1,spcc,1.0,baseline,100,25,1.0002600818023049,0.7985570756074838,0.5906147922010002,0.9888716561328789
1,spcc,1.0,baseline,100,30,1.0002600818023049,0.7985570756074838,0.5862152510025415,0.9949144776274621
1,spcc,1.0,baseline,100,35,1.0002600818023049,0.7985570756074838,0.5841946102406312,0.9975031842725064
1,spcc,1.0,baseline,100,40,1.0002600818023049,0.7985570756074838,0.5832943360217211,0.9990137561945747
1,spcc,1.0,baseline,100,45,1.0002600818023049,0.7985570756074838,0.5829826284142786,0.9997144066947068
1,spcc,1.0,baseline,100,50,1.0002600818023049,0.7985570756074838,0.5826724822895395,0.9998863008079331
1,kendall_tau_b,1.0500000000000005,optimized,10,5,1.0357648599995106,0.8226401923620119,0.6740897843761046,0.7158739156413507
1,kendall_tau_b,1.0500000000000005,optimized,10,10,1.0357648599995106,0.8226401923620119,0.6314649295561278,0.8758299001125341
1,kendall_tau_b,1.0500000000000005,optimized,10,15,1.0357648599995106,0.8226401923620119,0.6089011554016857,0.9429875995809152
1,kendall_tau_b,1.0500000000000005,optimized,10,20,1.0357648599995106,0.8226401923620119,0.5975697930303153,0.9747078152574072
1,kendall_tau_b,1.0500000000000005,optimized,10,25,1.0357648599995106,0.8226401923620119,0.5903602853081052,0.9886604081362887
1,kendall_tau_b,1.0500000000000005,optimized,10,30,1.0357648599995106,0.8226401923620119,0.5862505991821101,0.9948529943257981
1,kendall_tau_b,1.0500000000000005,optimized,10,35,1.0357648599995106,0.8226401923620119,0.5843158039991526,0.9976928480060954
1,kendall_tau_b,1.0500000000000005,optimized,10,40,1.0357648599995106,0.8226401923620119,0.5833473582910743,0.9991303986285496
1,kendall_tau_b,1.0500000000000005,optimized,10,45,1.0357648599995106,0.8226401923620119,0.5829590629612327,0.9996854245477094
1,kendall_tau_b,1.0500000000000005,optimized,10,50,1.0357648599995106,0.8226401923620119,0.5826300644740571,0.9998103475951122
1,kendall_tau_b,1.0,baseline,10,5,1.0354515578505,0.822472491586531,0.6740897843761047,0.7160207585194712
1,kendall_tau_b,1.0,baseline,10,10,1.0354515578505,0.822472491586531,0.6316770186335404,0.8759947595980521
1,kendall_tau_b,1.0,baseline,10,15,1.0354515578505,0.822472491586531,0.6089718517608231,0.9430523832036153
1,kendall_tau_b,1.0,baseline,10,20,1.0354515578505,0.822472491586531,0.5975167707609621,0.9746788331104098
1,kendall_tau_b,1.0,baseline,10,25,1.0354515578505,0.822472491586531,0.5904027031235878,0.988725191758989
1,kendall_tau_b,1.0,baseline,10,30,1.0354515578505,0.822472491586531,0.5862859473616788,0.9949377113708676
1,kendall_tau_b,1.0,baseline,10,35,1.0354515578505,0.822472491586531,0.5843158039991526,0.9976928480060954
1,kendall_tau_b,1.0,baseline,10,40,1.0354515578505,0.822472491586531,0.5833473582910743,0.9991303986285496
1,kendall_tau_b,1.0,baseline,10,45,1.0354515578505,0.822472491586531,0.5829590629612327,0.9996854245477094
1,kendall_tau_b,1.0,baseline,10,50,1.0354515578505,0.822472491586531,0.5826300644740571,0.9998103475951122
1,kendall_tau_b,1.8500000000000003,optimized,20,5,1.019580678234014,0.8107362692654577,0.680028278543655,0.719508468095537
1,kendall_tau_b,1.8500000000000003,optimized,20,10,1.019580678234014,0.8107362692654577,0.6334797757915468,0.8769800784477799
1,kendall_tau_b,1.8500000000000003,optimized,20,15,1.019580678234014,0.8107362692654577,0.6099616007887482,0.9439071352236905
1,kendall_tau_b,1.8500000000000003,optimized,20,20,1.019580678234014,0.8107362692654577,0.5978879266464341,0.9749519971251606
1,kendall_tau_b,1.8500000000000003,optimized,20,25,1.019580678234014,0.8107362692654577,0.5906996278319653,0.9891506085624301
1,kendall_tau_b,1.8500000000000003,optimized,20,30,1.019580678234014,0.8107362692654577,0.5863566437208164,0.9951183890597252
1,kendall_tau_b,1.8500000000000003,optimized,20,35,1.019580678234014,0.8107362692654577,0.584346102438783,0.9977391293402336
1,kendall_tau_b,1.8500000000000003,optimized,20,40,1.019580678234014,0.8107362692654577,0.5833473582910743,0.999161254621258
1,kendall_tau_b,1.8500000000000003,optimized,20,45,1.019580678234014,0.8107362692654577,0.5829826284142786,0.9997234011541198
1,kendall_tau_b,1.8500000000000003,optimized,20,50,1.019580678234014,0.8107362692654577,0.5826512733817983,0.9998483242015227
1,kendall_tau_b,1.0,baseline,20,5,1.0123504696493004,0.8072500952904217,0.6810887239307175,0.721557759003511
1,kendall_tau_b,1.0,baseline,20,10,1.0123504696493004,0.8072500952904217,0.6339039539463718,0.8778516248506459
1,kendall_tau_b,1.0,baseline,20,15,1.0123504696493004,0.8072500952904217,0.6103857789435732,0.9444066446942655
1,kendall_tau_b,1.0,baseline,20,20,1.0123504696493004,0.8072500952904217,0.5979409489157871,0.9750037135340309
1,kendall_tau_b,1.0,baseline,20,25,1.0123504696493004,0.8072500952904217,0.5907420456474477,0.9890270014457773
1,kendall_tau_b,1.0,baseline,20,30,1.0123504696493004,0.8072500952904217,0.5864626882595227,0.9952954712164329
1,kendall_tau_b,1.0,baseline,20,35,1.0123504696493004,0.8072500952904217,0.584346102438783,0.9977033278645308
1,kendall_tau_b,1.0,baseline,20,40,1.0123504696493004,0.8072500952904217,0.5832943360217211,0.9990137561945747
1,kendall_tau_b,1.0,baseline,20,45,1.0123504696493004,0.8072500952904217,0.5829590629612327,0.9996854245477094
1,kendall_tau_b,1.0,baseline,20,50,1.0123504696493004,0.8072500952904217,0.5826724822895395,0.9998863008079331
1,kendall_tau_b,2.299999999999999,optimized,30,5,1.01860804133676,0.8092389833118677,0.6783315659243548,0.7191551559549493
1,kendall_tau_b,2.299999999999999,optimized,30,10,1.01860804133676,0.8092389833118677,0.6337979094076656,0.878292620310356
1,kendall_tau_b,2.299999999999999,optimized,30,15,1.01860804133676,0.8092389833118677,0.6108099570983981,0.9445787090782426
1,kendall_tau_b,2.299999999999999,optimized,30,20,1.01860804133676,0.8092389833118677,0.5982590825319059,0.9756417832889379
1,kendall_tau_b,2.299999999999999,optimized,30,25,1.01860804133676,0.8092389833118677,0.5904875387545526,0.9888927138810437
1,kendall_tau_b,2.299999999999999,optimized,30,30,1.01860804133676,0.8092389833118677,0.5863919919003853,0.995025327190516
1,kendall_tau_b,2.299999999999999,optimized,30,35,1.01860804133676,0.8092389833118677,0.5845278930765652,0.9981315981139407
1,kendall_tau_b,2.299999999999999,optimized,30,40,1.01860804133676,0.8092389833118677,0.5833473582910743,0.999161254621258
1,kendall_tau_b,2.299999999999999,optimized,30,45,1.01860804133676,0.8092389833118677,0.5829826284142786,0.9997144066947068
1,kendall_tau_b,2.299999999999999,optimized,30,50,1.01860804133676,0.8092389833118677,0.5826512733817983,0.9998483242015227
1,kendall_tau_b,1.0,baseline,30,5,1.0064440499689475,0.8028716743975943,0.6819370802403677,0.7232747026659347
1,kendall_tau_b,1.0,baseline,30,10,1.0064440499689475,0.8028716743975943,0.6358127556430844,0.8808195797710578
1,kendall_tau_b,1.0,baseline,30,15,1.0064440499689475,0.8028716743975943,0.6113048316123607,0.9453198485776333
1,kendall_tau_b,1.0,baseline,30,20,1.0064440499689475,0.8028716743975943,0.5979939711851402,0.9755144787487882
1,kendall_tau_b,1.0,baseline,30,25,1.0064440499689475,0.8028716743975943,0.5904027031235878,0.9887285757352787
1,kendall_tau_b,1.0,baseline,30,30,1.0064440499689475,0.8028716743975943,0.5863919919003852,0.9951400241398276
1,kendall_tau_b,1.0,baseline,30,35,1.0064440499689475,0.8028716743975943,0.5843158039991526,0.9977341951037375
1,kendall_tau_b,1.0,baseline,30,40,1.0064440499689475,0.8028716743975943,0.5832943360217211,0.9990137561945747
1,kendall_tau_b,1.0,baseline,30,45,1.0064440499689475,0.8028716743975943,0.5829590629612327,0.9996854245477094
1,kendall_tau_b,1.0,baseline,30,50,1.0064440499689475,0.8028716743975943,0.5826724822895395,0.9998863008079331
1,kendall_tau_b,2.599999999999998,optimized,40,5,1.0206331762627883,0.8103141774011748,0.6787557440791798,0.7191317485987603
1,kendall_tau_b,2.599999999999998,optimized,40,10,1.0206331762627883,0.8103141774011748,0.6339039539463717,0.8783738244975379
1,kendall_tau_b,2.599999999999998,optimized,40,15,1.0206331762627883,0.8103141774011748,0.6103150825844357,0.9442731537189253
1,kendall_tau_b,2.599999999999998,optimized,40,20,1.0206331762627883,0.8103141774011748,0.5979939711851402,0.9754283670669428
1,kendall_tau_b,2.599999999999998,optimized,40,25,1.0206331762627883,0.8103141774011748,0.5904027031235878,0.988788727052031
1,kendall_tau_b,2.599999999999998,optimized,40,30,1.0206331762627883,0.8103141774011748,0.5863919919003852,0.9949930780335159
1,kendall_tau_b,2.599999999999998,optimized,40,35,1.0206331762627883,0.8103141774011748,0.5844672961973045,0.9980638565345585
1,kendall_tau_b,2.599999999999998,optimized,40,40,1.0206331762627883,0.8103141774011748,0.5833473582910743,0.999161254621258
1,kendall_tau_b,2.599999999999998,optimized,40,45,1.0206331762627883,0.8103141774011748,0.5830061938673244,0.9997523833011173
1,kendall_tau_b,2.599999999999998,optimized,40,50,1.0206331762627883,0.8103141774011748,0.5826512733817983,0.9998483242015227
1,kendall_tau_b,1.0,baseline,40,5,1.0048822381410176,0.8017971019200364,0.6802403676210675,0.7217984209411992
1,kendall_tau_b,1.0,baseline,40,10,1.0048822381410176,0.8017971019200364,0.6352825329495532,0.8797178156590181
1,kendall_tau_b,1.0,baseline,40,15,1.0048822381410176,0.8017971019200364,0.6110927425349482,0.9450682321788471
1,kendall_tau_b,1.0,baseline,40,20,1.0048822381410176,0.8017971019200364,0.5981000157238466,0.9756622514320107
1,kendall_tau_b,1.0,baseline,40,25,1.0048822381410176,0.8017971019200364,0.5904451209390702,0.9887328418256424
1,kendall_tau_b,1.0,baseline,40,30,1.0048822381410176,0.8017971019200364,0.5863212955412477,0.9950545530098632
1,kendall_tau_b,1.0,baseline,40,35,1.0048822381410176,0.8017971019200364,0.584255207119892,0.9976052277066955
1,kendall_tau_b,1.0,baseline,40,40,1.0048822381410176,0.8017971019200364,0.5832678248870445,0.9989350903670101
1,kendall_tau_b,1.0,baseline,40,45,1.0048822381410176,0.8017971019200364,0.5829826284142786,0.9997144066947068
1,kendall_tau_b,1.0,baseline,40,50,1.0048822381410176,0.8017971019200364,0.5826724822895395,0.9998863008079331
1,kendall_tau_b,2.749999999999999,optimized,50,5,1.0215312750362349,0.8105611442933729,0.6781194768469424,0.7182366832923225
1,kendall_tau_b,2.749999999999999,optimized,50,10,1.0215312750362349,0.8105611442933729,0.6337979094076656,0.8783328025670247
1,kendall_tau_b,2.749999999999999,optimized,50,15,1.0215312750362349,0.8105611442933729,0.6101029935070231,0.9440659043493281
1,kendall_tau_b,2.749999999999999,optimized,50,20,1.0215312750362349,0.8105611442933729,0.5982060602625527,0.9755963642207969
1,kendall_tau_b,2.749999999999999,optimized,50,25,1.0215312750362349,0.8105611442933729,0.5904027031235878,0.9886954012573372
1,kendall_tau_b,2.749999999999999,optimized,50,30,1.0215312750362349,0.8105611442933729,0.586427340079954,0.9951307432317538
1,kendall_tau_b,2.749999999999999,optimized,50,35,1.0215312750362349,0.8105611442933729,0.5844975946369347,0.9981062150570933
1,kendall_tau_b,2.749999999999999,optimized,50,40,1.0215312750362349,0.8105611442933729,0.5833473582910743,0.999161254621258
1,kendall_tau_b,2.749999999999999,optimized,50,45,1.0215312750362349,0.8105611442933729,0.5830061938673244,0.9997523833011173
1,kendall_tau_b,2.749999999999999,optimized,50,50,1.0215312750362349,0.8105611442933729,0.5826512733817983,0.9998483242015227
1,kendall_tau_b,1.0,baseline,50,5,1.0036086634294916,0.8004259169085449,0.6817249911629552,0.7233609912421084
1,kendall_tau_b,1.0,baseline,50,10,1.0036086634294916,0.8004259169085449,0.635706711104378,0.8802195086237022
1,kendall_tau_b,1.0,baseline,50,15,1.0036086634294916,0.8004259169085449,0.6113755279714983,0.945675596145097
1,kendall_tau_b,1.0,baseline,50,20,1.0036086634294916,0.8004259169085449,0.5979939711851403,0.9754251029282526
1,kendall_tau_b,1.0,baseline,50,25,1.0036086634294916,0.8004259169085449,0.5903602853081052,0.988430827615764
1,kendall_tau_b,1.0,baseline,50,30,1.0036086634294916,0.8004259169085449,0.5862859473616788,0.9949968799079502
1,kendall_tau_b,1.0,baseline,50,35,1.0036086634294916,0.8004259169085449,0.584255207119892,0.9976052277066955
1,kendall_tau_b,1.0,baseline,50,40,1.0036086634294916,0.8004259169085449,0.5832943360217211,0.9990137561945747
1,kendall_tau_b,1.0,baseline,50,45,1.0036086634294916,0.8004259169085449,0.5829826284142786,0.9997144066947068
1,kendall_tau_b,1.0,baseline,50,50,1.0036086634294916,0.8004259169085449,0.5826724822895395,0.9998863008079331
1,kendall_tau_b,2.8499999999999988,optimized,60,5,1.0224217871236936,0.8112462610970999,0.6774832096147049,0.7179447164398886
1,kendall_tau_b,2.8499999999999988,optimized,60,10,1.0224217871236936,0.8112462610970999,0.6341160430237842,0.8783983945799272
1,kendall_tau_b,2.8499999999999988,optimized,60,15,1.0224217871236936,0.8112462610970999,0.6106685643801232,0.9443757966718855
1,kendall_tau_b,2.8499999999999988,optimized,60,20,1.0224217871236936,0.8112462610970999,0.5979939711851402,0.9753473267446913
1,kendall_tau_b,2.8499999999999988,optimized,60,25,1.0224217871236936,0.8112462610970999,0.5904451209390702,0.9888119101155862
1,kendall_tau_b,2.8499999999999988,optimized,60,30,1.0224217871236936,0.8112462610970999,0.5864626882595227,0.9951731017542885
1,kendall_tau_b,2.8499999999999988,optimized,60,35,1.0224217871236936,0.8112462610970999,0.5844672961973045,0.9980414314343931
1,kendall_tau_b,2.8499999999999988,optimized,60,40,1.0224217871236936,0.8112462610970999,0.5833473582910743,0.999161254621258
1,kendall_tau_b,2.8499999999999988,optimized,60,45,1.0224217871236936,0.8112462610970999,0.5829826284142786,0.9997144066947068
1,kendall_tau_b,2.8499999999999988,optimized,60,50,1.0224217871236936,0.8112462610970999,0.5826512733817983,0.9998483242015227
1,kendall_tau_b,1.0,baseline,60,5,1.0029790532697673,0.8002758796448284,0.6827854365500176,0.7237433219623711
1,kendall_tau_b,1.0,baseline,60,10,1.0029790532697673,0.8002758796448284,0.6356006665656718,0.8800580050369236
1,kendall_tau_b,1.0,baseline,60,15,1.0029790532697673,0.8002758796448284,0.6114462243306358,0.9456424562371515
1,kendall_tau_b,1.0,baseline,60,20,1.0029790532697673,0.8002758796448284,0.5981000157238466,0.975601593356373
1,kendall_tau_b,1.0,baseline,60,25,1.0029790532697673,0.8002758796448284,0.5904875387545526,0.9886199001481047
1,kendall_tau_b,1.0,baseline,60,30,1.0029790532697673,0.8002758796448284,0.5861799028229726,0.9948235957141944
1,kendall_tau_b,1.0,baseline,60,35,1.0029790532697673,0.8002758796448284,0.584255207119892,0.9976052277066955
1,kendall_tau_b,1.0,baseline,60,40,1.0029790532697673,0.8002758796448284,0.5832678248870445,0.9989350903670101
1,kendall_tau_b,1.0,baseline,60,45,1.0029790532697673,0.8002758796448284,0.5829826284142786,0.9997144066947068
1,kendall_tau_b,1.0,baseline,60,50,1.0029790532697673,0.8002758796448284,0.5826512733817983,0.9998573186609357
1,kendall_tau_b,2.9499999999999984,optimized,70,5,1.0239011760962649,0.8123392671270389,0.6768469423824672,0.717821772332189
1,kendall_tau_b,2.9499999999999984,optimized,70,10,1.0239011760962649,0.8123392671270389,0.6336918648689593,0.8781532510577041
1,kendall_tau_b,2.9499999999999984,optimized,70,15,1.0239011760962649,0.8123392671270389,0.6110220461758108,0.9451292017692031
1,kendall_tau_b,2.9499999999999984,optimized,70,20,1.0239011760962649,0.8123392671270389,0.5979409489157871,0.9752299779489283
1,kendall_tau_b,2.9499999999999984,optimized,70,25,1.0239011760962649,0.8123392671270389,0.5904027031235878,0.9887334628042095
1,kendall_tau_b,2.9499999999999984,optimized,70,30,1.0239011760962649,0.8123392671270389,0.5864980364390914,0.9952832339128787
1,kendall_tau_b,2.9499999999999984,optimized,70,35,1.0239011760962649,0.8123392671270389,0.5844672961973044,0.9980184872346868
1,kendall_tau_b,2.9499999999999984,optimized,70,40,1.0239011760962649,0.8123392671270389,0.5833473582910743,0.999161254621258
1,kendall_tau_b,2.9499999999999984,optimized,70,45,1.0239011760962649,0.8123392671270389,0.5829826284142786,0.9997144066947068
1,kendall_tau_b,2.9499999999999984,optimized,70,50,1.0239011760962649,0.8123392671270389,0.5826512733817983,0.9998483242015227
1,kendall_tau_b,1.0,baseline,70,5,1.002980795613387,0.8005440961340898,0.6842700600919053,0.7235825291299505
1,kendall_tau_b,1.0,baseline,70,10,1.002980795613387,0.8005440961340898,0.6358127556430844,0.8802910424687714
1,kendall_tau_b,1.0,baseline,70,15,1.002980795613387,0.8005440961340898,0.6113048316123607,0.9453630887057347
1,kendall_tau_b,1.0,baseline,70,20,1.002980795613387,0.8005440961340898,0.5980469934544934,0.975429573714895
1,kendall_tau_b,1.0,baseline,70,25,1.002980795613387,0.8005440961340898,0.5904875387545528,0.9886988088812957
1,kendall_tau_b,1.0,baseline,70,30,1.002980795613387,0.8005440961340898,0.5861092064638351,0.9947046460275902
1,kendall_tau_b,1.0,baseline,70,35,1.002980795613387,0.8005440961340898,0.5842249086802616,0.9975404440839952
1,kendall_tau_b,1.0,baseline,70,40,1.002980795613387,0.8005440961340898,0.5832678248870445,0.9989350903670101
1,kendall_tau_b,1.0,baseline,70,45,1.002980795613387,0.8005440961340898,0.5829826284142786,0.9997144066947068
1,kendall_tau_b,1.0,baseline,70,50,1.002980795613387,0.8005440961340898,0.5826512733817983,0.9998573186609357
1,kendall_tau_b,3.0,optimized,80,5,1.0245824049552446,0.812810570470731,0.6776952986921173,0.718482565283731
1,kendall_tau_b,3.0,optimized,80,10,1.0245824049552446,0.812810570470731,0.6333737312528404,0.8779030953496988
1,kendall_tau_b,3.0,optimized,80,15,1.0245824049552446,0.812810570470731,0.6108099570983984,0.9448555186486037
1,kendall_tau_b,3.0,optimized,80,20,1.0245824049552446,0.812810570470731,0.5976228152996684,0.9748110242868842
1,kendall_tau_b,3.0,optimized,80,25,1.0245824049552446,0.812810570470731,0.5904451209390702,0.9887590996729626
1,kendall_tau_b,3.0,optimized,80,30,1.0245824049552446,0.812810570470731,0.5864980364390914,0.9952832339128787
1,kendall_tau_b,3.0,optimized,80,35,1.0245824049552446,0.812810570470731,0.5844975946369347,0.998083270857387
1,kendall_tau_b,3.0,optimized,80,40,1.0245824049552446,0.812810570470731,0.5833473582910743,0.999161254621258
1,kendall_tau_b,3.0,optimized,80,45,1.0245824049552446,0.812810570470731,0.5829826284142786,0.9997144066947068
1,kendall_tau_b,3.0,optimized,80,50,1.0245824049552446,0.812810570470731,0.5826512733817983,0.9998483242015227
1,kendall_tau_b,1.0,baseline,80,5,1.003092986054724,0.8007285033498296,0.6840579710144928,0.7233965260116787
1,kendall_tau_b,1.0,baseline,80,10,1.003092986054724,0.8007285033498296,0.6360248447204969,0.880459971640703
1,kendall_tau_b,1.0,baseline,80,15,1.003092986054724,0.8007285033498296,0.6112341352532233,0.945262267553646
1,kendall_tau_b,1.0,baseline,80,20,1.003092986054724,0.8007285033498296,0.5980469934544934,0.9753900461713098
1,kendall_tau_b,1.0,baseline,80,25,1.003092986054724,0.8007285033498296,0.5904875387545526,0.9887151975953716
1,kendall_tau_b,1.0,baseline,80,30,1.003092986054724,0.8007285033498296,0.5861092064638351,0.9947046460275902
1,kendall_tau_b,1.0,baseline,80,35,1.003092986054724,0.8007285033498296,0.5841946102406311,0.9974842033565962
1,kendall_tau_b,1.0,baseline,80,40,1.003092986054724,0.8007285033498296,0.5832678248870445,0.9989350903670101
1,kendall_tau_b,1.0,baseline,80,45,1.003092986054724,0.8007285033498296,0.5829826284142786,0.9997144066947068
1,kendall_tau_b,1.0,baseline,80,50,1.003092986054724,0.8007285033498296,0.5826724822895395,0.9998863008079331
1,kendall_tau_b,3.0,optimized,90,5,1.0245010947788975,0.8126964011697069,0.6779073877695299,0.718256343525223
1,kendall_tau_b,3.0,optimized,90,10,1.0245010947788975,0.8126964011697069,0.6335858203302529,0.878276825272688
1,kendall_tau_b,3.0,optimized,90,15,1.0245010947788975,0.8126964011697069,0.6107392607392608,0.9447140989449594
1,kendall_tau_b,3.0,optimized,90,20,1.0245010947788975,0.8126964011697069,0.5977288598383745,0.9749591965455365
1,kendall_tau_b,3.0,optimized,90,25,1.0245010947788975,0.8126964011697069,0.5904875387545526,0.9888014581954974
1,kendall_tau_b,3.0,optimized,90,30,1.0245010947788975,0.8126964011697069,0.5864626882595227,0.9952477074101077
1,kendall_tau_b,3.0,optimized,90,35,1.0245010947788975,0.8126964011697069,0.5844672961973044,0.9980184872346868
1,kendall_tau_b,3.0,optimized,90,40,1.0245010947788975,0.8126964011697069,0.5833473582910743,0.999161254621258
1,kendall_tau_b,3.0,optimized,90,45,1.0245010947788975,0.8126964011697069,0.5829826284142786,0.9997144066947068
1,kendall_tau_b,3.0,optimized,90,50,1.0245010947788975,0.8126964011697069,0.5826512733817983,0.9998483242015227
1,kendall_tau_b,1.0,baseline,90,5,1.0034247470007474,0.8010098176255217,0.6836337928596676,0.7228708788952697
1,kendall_tau_b,1.0,baseline,90,10,1.0034247470007474,0.8010098176255217,0.6363429783366157,0.8807460577796656
1,kendall_tau_b,1.0,baseline,90,15,1.0034247470007474,0.8010098176255217,0.6110927425349483,0.9451471482563777
1,kendall_tau_b,1.0,baseline,90,20,1.0034247470007474,0.8010098176255217,0.5980469934544934,0.9753868931685046
1,kendall_tau_b,1.0,baseline,90,25,1.0034247470007474,0.8010098176255217,0.5905723743855177,0.9888100000029492
1,kendall_tau_b,1.0,baseline,90,30,1.0034247470007474,0.8010098176255217,0.5860738582842663,0.9946756638805927
1,kendall_tau_b,1.0,baseline,90,35,1.0034247470007474,0.8010098176255217,0.5841643118010008,0.997419419733896
1,kendall_tau_b,1.0,baseline,90,40,1.0034247470007474,0.8010098176255217,0.5832678248870445,0.9989350903670101
1,kendall_tau_b,1.0,baseline,90,45,1.0034247470007474,0.8010098176255217,0.5829826284142786,0.9997144066947068
1,kendall_tau_b,1.0,baseline,90,50,1.0034247470007474,0.8010098176255217,0.5826724822895395,0.9998863008079331
1,kendall_tau_b,3.0,optimized,100,5,1.0243925493432182,0.8125831671756858,0.6779073877695299,0.7179739533749915
1,kendall_tau_b,3.0,optimized,100,10,1.0243925493432182,0.8125831671756858,0.6335858203302529,0.8783568358152537
1,kendall_tau_b,3.0,optimized,100,15,1.0243925493432182,0.8125831671756858,0.6107392607392608,0.9447140989449594
1,kendall_tau_b,3.0,optimized,100,20,1.0243925493432182,0.8125831671756858,0.5976758375690215,0.9749573424687924
1,kendall_tau_b,3.0,optimized,100,25,1.0243925493432182,0.8125831671756858,0.5904875387545526,0.9888014581954974
1,kendall_tau_b,3.0,optimized,100,30,1.0243925493432182,0.8125831671756858,0.5864980364390914,0.9952832339128787
1,kendall_tau_b,3.0,optimized,100,35,1.0243925493432182,0.8125831671756858,0.5844672961973044,0.9980184872346868
1,kendall_tau_b,3.0,optimized,100,40,1.0243925493432182,0.8125831671756858,0.5833473582910743,0.999161254621258
1,kendall_tau_b,3.0,optimized,100,45,1.0243925493432182,0.8125831671756858,0.5829826284142786,0.9997144066947068
1,kendall_tau_b,3.0,optimized,100,50,1.0243925493432182,0.8125831671756858,0.5826512733817983,0.9998483242015227
1,kendall_tau_b,1.0,baseline,100,5,1.0034567674336015,0.80098308673767,0.6846942382467304,0.7239590211462205
1,kendall_tau_b,1.0,baseline,100,10,1.0034567674336015,0.80098308673767,0.6359188001817907,0.880548435101316
1,kendall_tau_b,1.0,baseline,100,15,1.0034567674336015,0.80098308673767,0.6111634388940858,0.9452734525903782
1,kendall_tau_b,1.0,baseline,100,20,1.0034567674336015,0.80098308673767,0.5979939711851403,0.9753456420583237
1,kendall_tau_b,1.0,baseline,100,25,1.0034567674336015,0.80098308673767,0.5904875387545528,0.9886299762821767
1,kendall_tau_b,1.0,baseline,100,30,1.0034567674336015,0.80098308673767,0.5860738582842663,0.9946756638805927
1,kendall_tau_b,1.0,baseline,100,35,1.0034567674336015,0.80098308673767,0.5841643118010008,0.997419419733896
1,kendall_tau_b,1.0,baseline,100,40,1.0034567674336015,0.80098308673767,0.5832678248870445,0.9989350903670101
1,kendall_tau_b,1.0,baseline,100,45,1.0034567674336015,0.80098308673767,0.5829826284142786,0.9997144066947068
1,kendall_tau_b,1.0,baseline,100,50,1.0034567674336015,0.80098308673767,0.5826724822895395,0.9998863008079331
1,acos,0.05,optimized,10,5,1.045132133917077,0.8423021756426945,0.6702721809826794,0.7110330454512969
1,acos,0.05,optimized,10,10,1.045132133917077,0.8423021756426945,0.628177548856234,0.8736366481631224
1,acos,0.05,optimized,10,15,1.045132133917077,0.8423021756426945,0.6069923537049731,0.9400221867861053
1,acos,0.05,optimized,10,20,1.045132133917077,0.8423021756426945,0.596244236296487,0.9727718150445906
1,acos,0.05,optimized,10,25,1.045132133917077,0.8423021756426945,0.5898936893377977,0.9879359770264816
1,acos,0.05,optimized,10,30,1.045132133917077,0.8423021756426945,0.586144554643404,0.9948151722189085
1,acos,0.05,optimized,10,35,1.045132133917077,0.8423021756426945,0.5840431180424795,0.9971412811721453
1,acos,0.05,optimized,10,40,1.045132133917077,0.8423021756426945,0.5832413137523679,0.9989060274143698
1,acos,0.05,optimized,10,45,1.045132133917077,0.8423021756426945,0.5829354975081869,0.9996593606030993
1,acos,0.05,optimized,10,50,1.045132133917077,0.8423021756426945,0.5826088555663158,0.9997903599075277
1,acos,1.0,baseline,10,5,1.1039177115611734,0.8911171042030352,0.6600919052668788,0.7039762177031201
1,acos,1.0,baseline,10,10,1.1039177115611734,0.8911171042030352,0.6244659900015149,0.8702992983699025
1,acos,1.0,baseline,10,15,1.1039177115611734,0.8911171042030352,0.6045886774942979,0.937146692044805
1,acos,1.0,baseline,10,20,1.1039177115611734,0.8911171042030352,0.595395879986837,0.9715712689289856
1,acos,1.0,baseline,10,25,1.1039177115611734,0.8911171042030352,0.5892998399210427,0.9868530814590304
1,acos,1.0,baseline,10,30,1.1039177115611734,0.8911171042030352,0.5859678137455602,0.9946088845394008
1,acos,1.0,baseline,10,35,1.1039177115611734,0.8911171042030352,0.583921924283958,0.9970056340755576
1,acos,1.0,baseline,10,40,1.1039177115611734,0.8911171042030352,0.5831352692136618,0.998723636818259
1,acos,1.0,baseline,10,45,1.1039177115611734,0.8911171042030352,0.5828176702429577,0.9994723957734343
1,acos,1.0,baseline,10,50,1.1039177115611734,0.8911171042030352,0.5826088555663158,0.9997903599075277
1,acos,0.05,optimized,20,5,1.01675370666678,0.8179753987949916,0.6781194768469424,0.7169750655446462
1,acos,0.05,optimized,20,10,1.01675370666678,0.8179753987949916,0.6328435085593093,0.8783568824637346
1,acos,0.05,optimized,20,15,1.01675370666678,0.8179753987949916,0.6093253335565108,0.942619800765884
1,acos,0.05,optimized,20,20,1.01675370666678,0.8179753987949916,0.5971986371448433,0.9741204932441092
1,acos,0.05,optimized,20,25,1.01675370666678,0.8179753987949916,0.5900209427842452,0.9879642374046033
1,acos,0.05,optimized,20,30,1.01675370666678,0.8179753987949916,0.5863566437208164,0.9950635808341135
1,acos,0.05,optimized,20,35,1.01675370666678,0.8179753987949916,0.5843158039991526,0.997741324364343
1,acos,0.05,optimized,20,40,1.01675370666678,0.8179753987949916,0.5832943360217212,0.9989500419680715
1,acos,0.05,optimized,20,45,1.01675370666678,0.8179753987949916,0.5829354975081869,0.9996564424007119
1,acos,0.05,optimized,20,50,1.01675370666678,0.8179753987949916,0.5826088555663157,0.9997813654481148
1,acos,1.0,baseline,20,5,1.0542068762770949,0.8497668181798728,0.6696359137504418,0.7110582747666851
1,acos,1.0,baseline,20,10,1.0542068762770949,0.8497668181798728,0.629025905165884,0.8746387953143181
1,acos,1.0,baseline,20,15,1.0542068762770949,0.8497668181798728,0.607557924578073,0.9403213694166865
1,acos,1.0,baseline,20,20,1.0542068762770949,0.8497668181798728,0.5967214367206654,0.9734041220918296
1,acos,1.0,baseline,20,25,1.0542068762770949,0.8497668181798728,0.5896816002603851,0.987473929658655
1,acos,1.0,baseline,20,30,1.0542068762770949,0.8497668181798728,0.5861799028229727,0.9948479885669912
1,acos,1.0,baseline,20,35,1.0542068762770949,0.8497668181798728,0.5842249086802616,0.9975868608879344
1,acos,1.0,baseline,20,40,1.0542068762770949,0.8497668181798728,0.5832678248870445,0.9989458395567569
1,acos,1.0,baseline,20,45,1.0542068762770949,0.8497668181798728,0.5828883666020952,0.9995593422144267
1,acos,1.0,baseline,20,50,1.0542068762770949,0.8497668181798728,0.5826088555663158,0.9997903599075277
1,acos,0.2,optimized,30,5,1.0106539697497947,0.8122002989345746,0.6785436550017673,0.7194485874867859
1,acos,0.2,optimized,30,10,1.0106539697497947,0.8122002989345746,0.6335858203302531,0.8783955943773647
1,acos,0.2,optimized,30,15,1.0106539697497947,0.8122002989345746,0.6107392607392608,0.9442185405908368
1,acos,0.2,optimized,30,20,1.0106539697497947,0.8122002989345746,0.5974637484916091,0.9745538967754293
1,acos,0.2,optimized,30,25,1.0106539697497947,0.8122002989345746,0.5901906140461752,0.9882590966005809
1,acos,0.2,optimized,30,30,1.0106539697497947,0.8122002989345746,0.5861445546434039,0.9948873260741756
1,acos,0.2,optimized,30,35,1.0106539697497947,0.8122002989345746,0.5841946102406312,0.9975365648747947
1,acos,0.2,optimized,30,40,1.0106539697497947,0.8122002989345746,0.5832943360217211,0.9989888706137282
1,acos,0.2,optimized,30,45,1.0106539697497947,0.8122002989345746,0.5829354975081869,0.9996564424007119
1,acos,0.2,optimized,30,50,1.0106539697497947,0.8122002989345746,0.5826300644740571,0.9998283365139382
1,acos,1.0,baseline,30,5,1.0399574361117516,0.837108409333658,0.6723930717568044,0.713706784915417
1,acos,1.0,baseline,30,10,1.0399574361117516,0.837108409333658,0.6307226177851841,0.8757782896566891
1,acos,1.0,baseline,30,15,1.0399574361117516,0.837108409333658,0.6089011554016858,0.9421550430011149
1,acos,1.0,baseline,30,20,1.0399574361117516,0.837108409333658,0.5971986371448434,0.974174659308644
1,acos,1.0,baseline,30,25,1.0399574361117516,0.837108409333658,0.5900633605997276,0.9880160505902521
1,acos,1.0,baseline,30,30,1.0399574361117516,0.837108409333658,0.5861092064638351,0.9948411172203637
1,acos,1.0,baseline,30,35,1.0399574361117516,0.837108409333658,0.5841643118010008,0.9975201048289978
1,acos,1.0,baseline,30,40,1.0399574361117516,0.837108409333658,0.5832678248870445,0.9989897669134595
1,acos,1.0,baseline,30,45,1.0399574361117516,0.837108409333658,0.5829354975081869,0.9996413716842734
1,acos,1.0,baseline,30,50,1.0399574361117516,0.837108409333658,0.5825876466585744,0.9997523833011173
1,acos,0.25,optimized,40,5,1.0084882048194872,0.8091898574128686,0.6791799222340048,0.7177356822737748
1,acos,0.25,optimized,40,10,1.0084882048194872,0.8091898574128686,0.6332676867141342,0.8778457040502241
1,acos,0.25,optimized,40,15,1.0084882048194872,0.8091898574128686,0.6105978680209856,0.9443543853739539
1,acos,0.25,optimized,40,20,1.0084882048194872,0.8091898574128686,0.5976758375690215,0.9747543342901276
1,acos,0.25,optimized,40,25,1.0084882048194872,0.8091898574128686,0.5904451209390702,0.988563231312557
1,acos,0.25,optimized,40,30,1.0084882048194872,0.8091898574128686,0.5861445546434039,0.9948156084935003
1,acos,0.25,optimized,40,35,1.0084882048194872,0.8091898574128686,0.5841643118010008,0.9974796930450969
1,acos,0.25,optimized,40,40,1.0084882048194872,0.8091898574128686,0.5832678248870445,0.9989181165791658
1,acos,0.25,optimized,40,45,1.0084882048194872,0.8091898574128686,0.582911932055141,0.9996184657943016
1,acos,0.25,optimized,40,50,1.0084882048194872,0.8091898574128686,0.5826088555663158,0.9997903599075277
1,acos,1.0,baseline,40,5,1.0343161091486135,0.8310891391205981,0.6738776952986921,0.7142295732212244
1,acos,1.0,baseline,40,10,1.0343161091486135,0.8310891391205981,0.6313588850174217,0.8764261943059543
1,acos,1.0,baseline,40,15,1.0343161091486135,0.8310891391205981,0.6092546371973732,0.9426023098187674
1,acos,1.0,baseline,40,20,1.0343161091486135,0.8310891391205981,0.5972516594141963,0.9743362651619771
1,acos,1.0,baseline,40,25,1.0343161091486135,0.8310891391205981,0.5902330318616577,0.9882968253536744
1,acos,1.0,baseline,40,30,1.0343161091486135,0.8310891391205981,0.5859324655659914,0.9945011829995751
1,acos,1.0,baseline,40,35,1.0343161091486135,0.8310891391205981,0.5842855055595222,0.9977136583602035
1,acos,1.0,baseline,40,40,1.0343161091486135,0.8310891391205981,0.5832678248870445,0.9989897669134595
1,acos,1.0,baseline,40,45,1.0343161091486135,0.8310891391205981,0.5829354975081869,0.9996413716842734
1,acos,1.0,baseline,40,50,1.0343161091486135,0.8310891391205981,0.5825876466585744,0.9997523833011173
1,acos,0.25,optimized,50,5,1.0074471430017675,0.8076251609097931,0.6838458819370802,0.7225374110277989
1,acos,0.25,optimized,50,10,1.0074471430017675,0.8076251609097931,0.6347523102560217,0.8787595932645204
1,acos,0.25,optimized,50,15,1.0074471430017675,0.8076251609097931,0.6108099570983981,0.9447771449333234
1,acos,0.25,optimized,50,20,1.0074471430017675,0.8076251609097931,0.5978879266464341,0.974879735857329
1,acos,0.25,optimized,50,25,1.0074471430017675,0.8076251609097931,0.5903178674926227,0.9881888351083987
1,acos,0.25,optimized,50,30,1.0074471430017675,0.8076251609097931,0.5860738582842664,0.9947126107928062
1,acos,0.25,optimized,50,35,1.0074471430017675,0.8076251609097931,0.5841340133613705,0.9974613284568955
1,acos,0.25,optimized,50,40,1.0074471430017675,0.8076251609097931,0.5832678248870445,0.9989181165791658
1,acos,0.25,optimized,50,45,1.0074471430017675,0.8076251609097931,0.582911932055141,0.9996184657943016
1,acos,0.25,optimized,50,50,1.0074471430017675,0.8076251609097931,0.5826300644740571,0.9998283365139382
1,acos,1.0,baseline,50,5,1.0316127562184114,0.8282118408457023,0.677483209614705,0.7180735284583516
1,acos,1.0,baseline,50,10,1.0316127562184114,0.8282118408457023,0.6318891077109529,0.8769526880591668
1,acos,1.0,baseline,50,15,1.0316127562184114,0.8282118408457023,0.6095374226339232,0.9431415530474772
1,acos,1.0,baseline,50,20,1.0316127562184114,0.8282118408457023,0.5973046816835497,0.9742505110563991
1,acos,1.0,baseline,50,25,1.0316127562184114,0.8282118408457023,0.5901057784152103,0.9880272455913501
1,acos,1.0,baseline,50,30,1.0316127562184114,0.8282118408457023,0.5859324655659914,0.9944837017045608
1,acos,1.0,baseline,50,35,1.0316127562184114,0.8282118408457023,0.584255207119892,0.9976216161571018
1,acos,1.0,baseline,50,40,1.0316127562184114,0.8282118408457023,0.5832413137523679,0.9989517903070491
1,acos,1.0,baseline,50,45,1.0316127562184114,0.8282118408457023,0.5829119320551411,0.9996123895372758
1,acos,1.0,baseline,50,50,1.0316127562184114,0.8282118408457023,0.5825876466585744,0.9997523833011173
1,acos,0.30000000000000004,optimized,60,5,1.0077125345057842,0.807335575471667,0.6840579710144927,0.7219646438752831
1,acos,0.30000000000000004,optimized,60,10,1.0077125345057842,0.807335575471667,0.6342220875624905,0.8786769259191368
1,acos,0.30000000000000004,optimized,60,15,1.0077125345057842,0.807335575471667,0.6106685643801231,0.9445839130491315
1,acos,0.30000000000000004,optimized,60,20,1.0077125345057842,0.807335575471667,0.597887926646434,0.9750208185330902
1,acos,0.30000000000000004,optimized,60,25,1.0077125345057842,0.807335575471667,0.5903178674926227,0.9881823488360406
1,acos,0.30000000000000004,optimized,60,30,1.0077125345057842,0.807335575471667,0.5861445546434039,0.9948839274839466
1,acos,0.30000000000000004,optimized,60,35,1.0077125345057842,0.807335575471667,0.5841643118010008,0.9974408923276024
1,acos,0.30000000000000004,optimized,60,40,1.0077125345057842,0.807335575471667,0.5832678248870445,0.9989489725718744
1,acos,0.30000000000000004,optimized,60,45,1.0077125345057842,0.807335575471667,0.5829354975081869,0.9996474479412989
1,acos,0.30000000000000004,optimized,60,50,1.0077125345057842,0.807335575471667,0.5826300644740571,0.9998283365139382
1,acos,1.0,baseline,60,5,1.0302588806728805,0.8265813006837522,0.679179922234005,0.719038103561134
1,acos,1.0,baseline,60,10,1.0302588806728805,0.8265813006837522,0.6317830631722465,0.876599124990991
1,acos,1.0,baseline,60,15,1.0302588806728805,0.8265813006837522,0.6094667262747857,0.9430444993871538
1,acos,1.0,baseline,60,20,1.0302588806728805,0.8265813006837522,0.5972516594141964,0.9741464206232079
1,acos,1.0,baseline,60,25,1.0302588806728805,0.8265813006837522,0.5901906140461752,0.9882062438040995
1,acos,1.0,baseline,60,30,1.0302588806728805,0.8265813006837522,0.5859678137455602,0.9945361455896039
1,acos,1.0,baseline,60,35,1.0302588806728805,0.8265813006837522,0.584255207119892,0.9976216161571018
1,acos,1.0,baseline,60,40,1.0302588806728805,0.8265813006837522,0.5832413137523679,0.9989517903070491
1,acos,1.0,baseline,60,45,1.0302588806728805,0.8265813006837522,0.5829119320551411,0.9996123895372758
1,acos,1.0,baseline,60,50,1.0302588806728805,0.8265813006837522,0.5825876466585744,0.9997523833011173
1,acos,0.30000000000000004,optimized,70,5,1.0078396470474758,0.8072040229095855,0.6829975256274301,0.721620596564729
1,acos,0.30000000000000004,optimized,70,10,1.0078396470474758,0.8072040229095855,0.6360248447204969,0.8808111353787854
1,acos,0.30000000000000004,optimized,70,15,1.0078396470474758,0.8072040229095855,0.6105271716618482,0.9443257956007649
1,acos,0.30000000000000004,optimized,70,20,1.0078396470474758,0.8072040229095855,0.5977288598383746,0.9748352542603954
1,acos,0.30000000000000004,optimized,70,25,1.0078396470474758,0.8072040229095855,0.5901481962306927,0.9880152922202878
1,acos,0.30000000000000004,optimized,70,30,1.0078396470474758,0.8072040229095855,0.5861092064638351,0.9947737953253563
1,acos,0.30000000000000004,optimized,70,35,1.0078396470474758,0.8072040229095855,0.5841340133613705,0.9973398013998725
1,acos,0.30000000000000004,optimized,70,40,1.0078396470474758,0.8072040229095855,0.5832678248870445,0.9989489725718744
1,acos,0.30000000000000004,optimized,70,45,1.0078396470474758,0.8072040229095855,0.5829354975081869,0.9996474479412989
1,acos,0.30000000000000004,optimized,70,50,1.0078396470474758,0.8072040229095855,0.5826300644740571,0.9998283365139382
1,acos,1.0,baseline,70,5,1.0296527312537844,0.8257965725667082,0.679179922234005,0.7184310655917611
1,acos,1.0,baseline,70,10,1.0296527312537844,0.8257965725667082,0.6316770186335404,0.8764880184025163
1,acos,1.0,baseline,70,15,1.0296527312537844,0.8257965725667082,0.6095374226339232,0.943082193603414
1,acos,1.0,baseline,70,20,1.0296527312537844,0.8257965725667082,0.5973577039529028,0.9743714341157368
1,acos,1.0,baseline,70,25,1.0296527312537844,0.8257965725667082,0.5901481962306927,0.9881638852815648
1,acos,1.0,baseline,70,30,1.0296527312537844,0.8257965725667082,0.5859324655659914,0.994488843261918
1,acos,1.0,baseline,70,35,1.0296527312537844,0.8257965725667082,0.584255207119892,0.9976216161571018
1,acos,1.0,baseline,70,40,1.0296527312537844,0.8257965725667082,0.5832413137523679,0.9989517903070491
1,acos,1.0,baseline,70,45,1.0296527312537844,0.8257965725667082,0.5829119320551411,0.9996123895372758
1,acos,1.0,baseline,70,50,1.0296527312537844,0.8257965725667082,0.5825876466585744,0.9997523833011173
1,acos,0.35000000000000003,optimized,80,5,1.0088925042782488,0.8080364247498146,0.6817249911629552,0.7178748108619919
1,acos,0.35000000000000003,optimized,80,10,1.0088925042782488,0.8080364247498146,0.6356006665656718,0.8804765506134782
1,acos,0.35000000000000003,optimized,80,15,1.0088925042782488,0.8080364247498146,0.6106685643801232,0.9445434824714252
1,acos,0.35000000000000003,optimized,80,20,1.0088925042782488,0.8080364247498146,0.5978879266464341,0.974966851609127
1,acos,0.35000000000000003,optimized,80,25,1.0088925042782488,0.8080364247498146,0.5901481962306927,0.9880140742228187
1,acos,0.35000000000000003,optimized,80,30,1.0088925042782488,0.8080364247498146,0.5861092064638351,0.9948476201789168
1,acos,0.35000000000000003,optimized,80,35,1.0088925042782488,0.8080364247498146,0.5841946102406312,0.9974453747109393
1,acos,0.35000000000000003,optimized,80,40,1.0088925042782488,0.8080364247498146,0.5832943360217212,0.9989869491782848
1,acos,0.35000000000000003,optimized,80,45,1.0088925042782488,0.8080364247498146,0.582911932055141,0.9996184657943016
1,acos,0.35000000000000003,optimized,80,50,1.0088925042782488,0.8080364247498146,0.5826300644740571,0.9998283365139382
1,acos,1.0,baseline,80,5,1.0294841970860444,0.8254000977169134,0.6804524566984801,0.7197013001907402
1,acos,1.0,baseline,80,10,1.0294841970860444,0.8254000977169134,0.631889107710953,0.8767744854358821
1,acos,1.0,baseline,80,15,1.0294841970860444,0.8254000977169134,0.6098909044296107,0.9436150168746187
1,acos,1.0,baseline,80,20,1.0294841970860444,0.8254000977169134,0.5975167707609621,0.9745491195936091
1,acos,1.0,baseline,80,25,1.0294841970860444,0.8254000977169134,0.5901906140461752,0.9881963957442385
1,acos,1.0,baseline,80,30,1.0294841970860444,0.8254000977169134,0.5859324655659914,0.994488843261918
1,acos,1.0,baseline,80,35,1.0294841970860444,0.8254000977169134,0.5842249086802616,0.9975792576345671
1,acos,1.0,baseline,80,40,1.0294841970860444,0.8254000977169134,0.5832678248870445,0.9989807724540464
1,acos,1.0,baseline,80,45,1.0294841970860444,0.8254000977169134,0.5829119320551411,0.9996123895372758
1,acos,1.0,baseline,80,50,1.0294841970860444,0.8254000977169134,0.5825876466585744,0.9997523833011173
1,acos,0.35000000000000003,optimized,90,5,1.0093408965928927,0.8084892168081754,0.6827854365500176,0.718012905146562
1,acos,0.35000000000000003,optimized,90,10,1.0093408965928927,0.8084892168081754,0.6351764884108468,0.879832979814773
1,acos,0.35000000000000003,optimized,90,15,1.0093408965928927,0.8084892168081754,0.6101029935070231,0.9436641556274926
1,acos,0.35000000000000003,optimized,90,20,1.0093408965928927,0.8084892168081754,0.5976758375690215,0.9747867173899724
1,acos,0.35000000000000003,optimized,90,25,1.0093408965928927,0.8084892168081754,0.5901906140461752,0.988075258755369
1,acos,0.35000000000000003,optimized,90,30,1.0093408965928927,0.8084892168081754,0.5861092064638351,0.9947984296366185
1,acos,0.35000000000000003,optimized,90,35,1.0093408965928927,0.8084892168081754,0.5842249086802617,0.997524040538504
1,acos,0.35000000000000003,optimized,90,40,1.0093408965928927,0.8084892168081754,0.5832943360217212,0.9989869491782848
1,acos,0.35000000000000003,optimized,90,45,1.0093408965928927,0.8084892168081754,0.5829354975081869,0.9996564424007119
1,acos,0.35000000000000003,optimized,90,50,1.0093408965928927,0.8084892168081754,0.5826300644740571,0.9998283365139382
1,acos,1.0,baseline,90,5,1.0294560290590462,0.8253755656138035,0.6789678331565924,0.717855266382257
1,acos,1.0,baseline,90,10,1.0294560290590462,0.8253755656138035,0.6314649295561278,0.8767800491941993
1,acos,1.0,baseline,90,15,1.0294560290590462,0.8253755656138035,0.6095374226339231,0.9429806612511282
1,acos,1.0,baseline,90,20,1.0294560290590462,0.8253755656138035,0.5972516594141963,0.9742173658091441
1,acos,1.0,baseline,90,25,1.0294560290590462,0.8253755656138035,0.5899785249687626,0.9878624635355727
1,acos,1.0,baseline,90,30,1.0294560290590462,0.8253755656138035,0.5859678137455602,0.9945296329502848
1,acos,1.0,baseline,90,35,1.0294560290590462,0.8253755656138035,0.584255207119892,0.9976216161571018
1,acos,1.0,baseline,90,40,1.0294560290590462,0.8253755656138035,0.5832678248870445,0.9989807724540464
1,acos,1.0,baseline,90,45,1.0294560290590462,0.8253755656138035,0.5829119320551411,0.9996123895372758
1,acos,1.0,baseline,90,50,1.0294560290590462,0.8253755656138035,0.5825876466585744,0.9997523833011173
1,acos,0.35000000000000003,optimized,100,5,1.0096425865293062,0.8086583690642841,0.6819370802403676,0.7188306599566077
1,acos,0.35000000000000003,optimized,100,10,1.0096425865293062,0.8086583690642841,0.634434176639903,0.8792572756824478
1,acos,0.35000000000000003,optimized,100,15,1.0096425865293062,0.8086583690642841,0.6101029935070231,0.9436548841714324
1,acos,0.35000000000000003,optimized,100,20,1.0096425865293062,0.8086583690642841,0.5976228152996684,0.9746709374283776
1,acos,0.35000000000000003,optimized,100,25,1.0096425865293062,0.8086583690642841,0.5903178674926228,0.9882106582857662
1,acos,0.35000000000000003,optimized,100,30,1.0096425865293062,0.8086583690642841,0.5861445546434039,0.9948770954641829
1,acos,0.35000000000000003,optimized,100,35,1.0096425865293062,0.8086583690642841,0.5842249086802617,0.997524040538504
1,acos,0.35000000000000003,optimized,100,40,1.0096425865293062,0.8086583690642841,0.5832943360217212,0.9989869491782848
1,acos,0.35000000000000003,optimized,100,45,1.0096425865293062,0.8086583690642841,0.5829354975081869,0.9996564424007119
1,acos,0.35000000000000003,optimized,100,50,1.0096425865293062,0.8086583690642841,0.5826300644740571,0.9998283365139382
1,acos,1.0,baseline,100,5,1.029416237392629,0.8252348477879937,0.6787557440791798,0.7178960448646656
1,acos,1.0,baseline,100,10,1.029416237392629,0.8252348477879937,0.6321011967883655,0.8771901923232673
1,acos,1.0,baseline,100,15,1.029416237392629,0.8252348477879937,0.6093960299156482,0.9426913566921736
1,acos,1.0,baseline,100,20,1.029416237392629,0.8252348477879937,0.5971456148754902,0.9740237773625313
1,acos,1.0,baseline,100,25,1.029416237392629,0.8252348477879937,0.5899785249687626,0.9878624635355727
1,acos,1.0,baseline,100,30,1.029416237392629,0.8252348477879937,0.5859324655659914,0.9945006508032873
1,acos,1.0,baseline,100,35,1.029416237392629,0.8252348477879937,0.584255207119892,0.9976216161571018
1,acos,1.0,baseline,100,40,1.029416237392629,0.8252348477879937,0.5832678248870445,0.9989807724540464
1,acos,1.0,baseline,100,45,1.029416237392629,0.8252348477879937,0.5829119320551411,0.9996123895372758
1,acos,1.0,baseline,100,50,1.029416237392629,0.8252348477879937,0.5825876466585744,0.9997523833011173
1,src,1.0500000000000005,optimized,10,5,1.0361328375171075,0.8240560495754112,0.6772711205372924,0.7179071857631629
1,src,1.0500000000000005,optimized,10,10,1.0361328375171075,0.8240560495754112,0.6312528404787153,0.8757238818021783
1,src,1.0500000000000005,optimized,10,15,1.0361328375171075,0.8240560495754112,0.6091839408382356,0.9430033964796704
1,src,1.0500000000000005,optimized,10,20,1.0361328375171075,0.8240560495754112,0.5972516594141964,0.974479931178662
1,src,1.0500000000000005,optimized,10,25,1.0361328375171075,0.8240560495754112,0.5901481962306927,0.9882962402575531
1,src,1.0500000000000005,optimized,10,30,1.0361328375171075,0.8240560495754112,0.5861092064638351,0.9947000573864934
1,src,1.0500000000000005,optimized,10,35,1.0361328375171075,0.8240560495754112,0.5841946102406312,0.9974704773551586
1,src,1.0500000000000005,optimized,10,40,1.0361328375171075,0.8240560495754112,0.5833208471563978,0.9990517328009851
1,src,1.0500000000000005,optimized,10,45,1.0361328375171075,0.8240560495754112,0.5829354975081869,0.9996564424007119
1,src,1.0500000000000005,optimized,10,50,1.0361328375171075,0.8240560495754112,0.5826088555663157,0.9997813654481148
1,src,1.0,baseline,10,5,1.0358637631198995,0.8239157395031161,0.6772711205372924,0.7180313029577648
1,src,1.0,baseline,10,10,1.0358637631198995,0.8239157395031161,0.6314649295561278,0.8759249166948431
1,src,1.0,baseline,10,15,1.0358637631198995,0.8239157395031161,0.6091132444790982,0.942930083351787
1,src,1.0,baseline,10,20,1.0358637631198995,0.8239157395031161,0.5972516594141964,0.9744592296450925
1,src,1.0,baseline,10,25,1.0358637631198995,0.8239157395031161,0.5901481962306927,0.9882962402575531
1,src,1.0,baseline,10,30,1.0358637631198995,0.8239157395031161,0.5861092064638351,0.9947000573864934
1,src,1.0,baseline,10,35,1.0358637631198995,0.8239157395031161,0.5841946102406312,0.9974704773551586
1,src,1.0,baseline,10,40,1.0358637631198995,0.8239157395031161,0.5833208471563978,0.9990517328009851
1,src,1.0,baseline,10,45,1.0358637631198995,0.8239157395031161,0.5829354975081869,0.9996564424007119
1,src,1.0,baseline,10,50,1.0358637631198995,0.8239157395031161,0.5826088555663157,0.9997813654481148
1,src,1.8500000000000003,optimized,20,5,1.01915478551885,0.8112234997374386,0.680028278543655,0.7209772788980484
1,src,1.8500000000000003,optimized,20,10,1.01915478551885,0.8112234997374386,0.6334797757915468,0.877275770862665
1,src,1.8500000000000003,optimized,20,15,1.01915478551885,0.8112234997374386,0.6098909044296107,0.9439897865435386
1,src,1.8500000000000003,optimized,20,20,1.01915478551885,0.8112234997374386,0.5975697930303153,0.9746224247003854
1,src,1.8500000000000003,optimized,20,25,1.01915478551885,0.8112234997374386,0.5905299565700352,0.9889308429210277
1,src,1.8500000000000003,optimized,20,30,1.01915478551885,0.8112234997374386,0.586391991900385,0.9951408982045783
1,src,1.8500000000000003,optimized,20,35,1.01915478551885,0.8112234997374386,0.584346102438783,0.9977550100846253
1,src,1.8500000000000003,optimized,20,40,1.01915478551885,0.8112234997374386,0.5833473582910743,0.999161254621258
1,src,1.8500000000000003,optimized,20,45,1.01915478551885,0.8112234997374386,0.5829590629612327,0.9996854245477094
1,src,1.8500000000000003,optimized,20,50,1.01915478551885,0.8112234997374386,0.5826512733817983,0.9998483242015227
1,src,1.0,baseline,20,5,1.012930257957571,0.8084502645939485,0.6815129020855426,0.722061562591015
1,src,1.0,baseline,20,10,1.012930257957571,0.8084502645939485,0.6346462657173155,0.8785078913173245
1,src,1.0,baseline,20,15,1.012930257957571,0.8084502645939485,0.6105271716618482,0.9448452815200049
1,src,1.0,baseline,20,20,1.012930257957571,0.8084502645939485,0.5974637484916089,0.9744732372096622
1,src,1.0,baseline,20,25,1.012930257957571,0.8084502645939485,0.5907844634629302,0.9892026980293265
1,src,1.0,baseline,20,30,1.012930257957571,0.8084502645939485,0.5863212955412476,0.9950641077839265
1,src,1.0,baseline,20,35,1.012930257957571,0.8084502645939485,0.5843158039991526,0.9977036028374625
1,src,1.0,baseline,20,40,1.012930257957571,0.8084502645939485,0.5832943360217211,0.9990137561945747
1,src,1.0,baseline,20,45,1.012930257957571,0.8084502645939485,0.5829590629612327,0.9996854245477094
1,src,1.0,baseline,20,50,1.012930257957571,0.8084502645939485,0.5826512733817983,0.9998483242015227
1,src,2.3499999999999988,optimized,30,5,1.0175651595261948,0.8087484933463156,0.679179922234005,0.721125490971666
1,src,2.3499999999999988,optimized,30,10,1.0175651595261948,0.8087484933463156,0.6336918648689593,0.8779609755024953
1,src,2.3499999999999988,optimized,30,15,1.0175651595261948,0.8087484933463156,0.6110220461758108,0.9450649013841386
1,src,2.3499999999999988,optimized,30,20,1.0175651595261948,0.8087484933463156,0.5979409489157871,0.9754382701378722
1,src,2.3499999999999988,optimized,30,25,1.0175651595261948,0.8087484933463156,0.5903602853081052,0.9886479049763693
1,src,2.3499999999999988,optimized,30,30,1.0175651595261948,0.8087484933463156,0.586427340079954,0.9951569767666459
1,src,2.3499999999999988,optimized,30,35,1.0175651595261948,0.8087484933463156,0.5844672961973045,0.9980227616278043
1,src,2.3499999999999988,optimized,30,40,1.0175651595261948,0.8087484933463156,0.5833473582910743,0.999161254621258
1,src,2.3499999999999988,optimized,30,45,1.0175651595261948,0.8087484933463156,0.5830061938673244,0.9997523833011173
1,src,2.3499999999999988,optimized,30,50,1.0175651595261948,0.8087484933463156,0.5826512733817983,0.9998483242015227
1,src,1.0,baseline,30,5,1.0064224384883487,0.8030364938302127,0.6815129020855426,0.7233972630141893
1,src,1.0,baseline,30,10,1.0064224384883487,0.8030364938302127,0.6356006665656719,0.8804342562717474
1,src,1.0,baseline,30,15,1.0064224384883487,0.8030364938302127,0.6109513498166732,0.9448540560136782
1,src,1.0,baseline,30,20,1.0064224384883487,0.8030364938302127,0.5979409489157871,0.9753993039913532
1,src,1.0,baseline,30,25,1.0064224384883487,0.8030364938302127,0.5904451209390702,0.9887534538557348
1,src,1.0,baseline,30,30,1.0064224384883487,0.8030364938302127,0.5862505991821101,0.9949200907848305
1,src,1.0,baseline,30,35,1.0064224384883487,0.8030364938302127,0.5843158039991526,0.9977530211137529
1,src,1.0,baseline,30,40,1.0064224384883487,0.8030364938302127,0.5832943360217211,0.9990137561945747
1,src,1.0,baseline,30,45,1.0064224384883487,0.8030364938302127,0.5829590629612327,0.9996854245477094
1,src,1.0,baseline,30,50,1.0064224384883487,0.8030364938302127,0.5826724822895395,0.9998863008079331
1,src,2.6499999999999977,optimized,40,5,1.0192158892063408,0.8096191653365463,0.6793920113114175,0.720240522320428
1,src,2.6499999999999977,optimized,40,10,1.0192158892063408,0.8096191653365463,0.6330555976367217,0.877915777491989
1,src,2.6499999999999977,optimized,40,15,1.0192158892063408,0.8096191653365463,0.6105978680209856,0.944585344554167
1,src,2.6499999999999977,optimized,40,20,1.0192158892063408,0.8096191653365463,0.5979939711851402,0.9753886375968543
1,src,2.6499999999999977,optimized,40,25,1.0192158892063408,0.8096191653365463,0.5905299565700352,0.9889903637046589
1,src,2.6499999999999977,optimized,40,30,1.0192158892063408,0.8096191653365463,0.5864626882595227,0.9951919277643039
1,src,2.6499999999999977,optimized,40,35,1.0192158892063408,0.8096191653365463,0.5844369977576741,0.9980213725052903
1,src,2.6499999999999977,optimized,40,40,1.0192158892063408,0.8096191653365463,0.5833473582910743,0.999161254621258
1,src,2.6499999999999977,optimized,40,45,1.0192158892063408,0.8096191653365463,0.5830061938673244,0.9997523833011173
1,src,2.6499999999999977,optimized,40,50,1.0192158892063408,0.8096191653365463,0.5826512733817983,0.9998483242015227
1,src,1.0,baseline,40,5,1.0052456464158226,0.8023923598944057,0.6823612583951927,0.7238737140861552
1,src,1.0,baseline,40,10,1.0052456464158226,0.8023923598944057,0.6353885774882594,0.8805006454519542
1,src,1.0,baseline,40,15,1.0052456464158226,0.8023923598944057,0.6110220461758108,0.9453277673544108
1,src,1.0,baseline,40,20,1.0052456464158226,0.8023923598944057,0.5979939711851402,0.9754432174063133
1,src,1.0,baseline,40,25,1.0052456464158226,0.8023923598944057,0.5904451209390702,0.9887235149835644
1,src,1.0,baseline,40,30,1.0052456464158226,0.8023923598944057,0.5862152510025415,0.9948496386144201
1,src,1.0,baseline,40,35,1.0052456464158226,0.8023923598944057,0.584255207119892,0.9976052277066955
1,src,1.0,baseline,40,40,1.0052456464158226,0.8023923598944057,0.5832943360217211,0.9990137561945747
1,src,1.0,baseline,40,45,1.0052456464158226,0.8023923598944057,0.5829826284142786,0.9997144066947068
1,src,1.0,baseline,40,50,1.0052456464158226,0.8023923598944057,0.5826724822895395,0.9998863008079331
1,src,2.8499999999999988,optimized,50,5,1.02042347269497,0.8100291076247932,0.6774832096147049,0.7185607755318447
1,src,2.8499999999999988,optimized,50,10,1.02042347269497,0.8100291076247932,0.6339039539463717,0.8780943643300936
1,src,2.8499999999999988,optimized,50,15,1.02042347269497,0.8100291076247932,0.6103150825844357,0.944317968136291
1,src,2.8499999999999988,optimized,50,20,1.02042347269497,0.8100291076247932,0.5979409489157871,0.9753353959015643
1,src,2.8499999999999988,optimized,50,25,1.02042347269497,0.8100291076247932,0.5905299565700353,0.9889672697857166
1,src,2.8499999999999988,optimized,50,30,1.02042347269497,0.8100291076247932,0.5864626882595227,0.9951919277643039
1,src,2.8499999999999988,optimized,50,35,1.02042347269497,0.8100291076247932,0.5844672961973044,0.9980654253687264
1,src,2.8499999999999988,optimized,50,40,1.02042347269497,0.8100291076247932,0.5833473582910743,0.999161254621258
1,src,2.8499999999999988,optimized,50,45,1.02042347269497,0.8100291076247932,0.5830061938673244,0.9997523833011173
1,src,2.8499999999999988,optimized,50,50,1.02042347269497,0.8100291076247932,0.5826512733817983,0.9998483242015227
1,src,1.0,baseline,50,5,1.0037380709763253,0.8009718655074258,0.6810887239307175,0.7234188226731141
1,src,1.0,baseline,50,10,1.0037380709763253,0.8009718655074258,0.6354946220269656,0.8800358134834122
1,src,1.0,baseline,50,15,1.0037380709763253,0.8009718655074258,0.6111634388940859,0.9453419333781614
1,src,1.0,baseline,50,20,1.0037380709763253,0.8009718655074258,0.5979409489157871,0.9753949848509514
1,src,1.0,baseline,50,25,1.0037380709763253,0.8009718655074258,0.5904451209390702,0.9885467269780593
1,src,1.0,baseline,50,30,1.0037380709763253,0.8009718655074258,0.5862859473616788,0.995010748401995
1,src,1.0,baseline,50,35,1.0037380709763253,0.8009718655074258,0.584255207119892,0.9976052277066955
1,src,1.0,baseline,50,40,1.0037380709763253,0.8009718655074258,0.5832943360217211,0.9990137561945747
1,src,1.0,baseline,50,45,1.0037380709763253,0.8009718655074258,0.5829826284142786,0.9997144066947068
1,src,1.0,baseline,50,50,1.0037380709763253,0.8009718655074258,0.5826512733817983,0.9998573186609357
1,src,3.0,optimized,60,5,1.0218976550814742,0.8110344781058815,0.6789678331565924,0.7192872798969895
1,src,3.0,optimized,60,10,1.0218976550814742,0.8110344781058815,0.6339039539463717,0.8780626738862087
1,src,3.0,optimized,60,15,1.0218976550814742,0.8110344781058815,0.6105978680209857,0.9446711325170042
1,src,3.0,optimized,60,20,1.0218976550814742,0.8110344781058815,0.5978879266464341,0.9752591674865807
1,src,3.0,optimized,60,25,1.0218976550814742,0.8110344781058815,0.5905299565700353,0.988900203509302
1,src,3.0,optimized,60,30,1.0218976550814742,0.8110344781058815,0.5864626882595227,0.9952408753903441
1,src,3.0,optimized,60,35,1.0218976550814742,0.8110344781058815,0.5844369977576741,0.9980006417460263
1,src,3.0,optimized,60,40,1.0218976550814742,0.8110344781058815,0.5833473582910743,0.999161254621258
1,src,3.0,optimized,60,45,1.0218976550814742,0.8110344781058815,0.5829826284142786,0.9997144066947068
1,src,3.0,optimized,60,50,1.0218976550814742,0.8110344781058815,0.5826512733817983,0.9998483242015227
1,src,1.0,baseline,60,5,1.00310362817344,0.8005978394400615,0.6829975256274301,0.7235301709312223
1,src,1.0,baseline,60,10,1.00310362817344,0.8005978394400615,0.6363429783366158,0.8805876846567086
1,src,1.0,baseline,60,15,1.00310362817344,0.8005978394400615,0.6111634388940858,0.9451971645611329
1,src,1.0,baseline,60,20,1.00310362817344,0.8005978394400615,0.5979939711851402,0.9754611246973353
1,src,1.0,baseline,60,25,1.00310362817344,0.8005978394400615,0.5904451209390702,0.9885587156155545
1,src,1.0,baseline,60,30,1.00310362817344,0.8005978394400615,0.5861445546434039,0.9947828060258277
1,src,1.0,baseline,60,35,1.00310362817344,0.8005978394400615,0.584255207119892,0.9976052277066955
1,src,1.0,baseline,60,40,1.00310362817344,0.8005978394400615,0.5832943360217211,0.9990137561945747
1,src,1.0,baseline,60,45,1.00310362817344,0.8005978394400615,0.5829826284142786,0.9997144066947068
1,src,1.0,baseline,60,50,1.00310362817344,0.8005978394400615,0.5826512733817983,0.9998573186609357
1,src,2.9999999999999982,optimized,70,5,1.021571718647085,0.8108751344687641,0.6787557440791798,0.7194262836978876
1,src,2.9999999999999982,optimized,70,10,1.021571718647085,0.8108751344687641,0.6334797757915468,0.8777852450328945
1,src,2.9999999999999982,optimized,70,15,1.021571718647085,0.8108751344687641,0.6105978680209856,0.9446206420074365
1,src,2.9999999999999982,optimized,70,20,1.021571718647085,0.8108751344687641,0.5979409489157871,0.9753015260091155
1,src,2.9999999999999982,optimized,70,25,1.021571718647085,0.8108751344687641,0.5904027031235878,0.9887269478009558
1,src,2.9999999999999982,optimized,70,30,1.021571718647085,0.8108751344687641,0.586427340079954,0.9951307432317538
1,src,2.9999999999999982,optimized,70,35,1.021571718647085,0.8108751344687641,0.5844369977576741,0.9980006417460263
1,src,2.9999999999999982,optimized,70,40,1.021571718647085,0.8108751344687641,0.5833473582910743,0.999161254621258
1,src,2.9999999999999982,optimized,70,45,1.021571718647085,0.8108751344687641,0.5829826284142786,0.9997144066947068
1,src,2.9999999999999982,optimized,70,50,1.021571718647085,0.8108751344687641,0.5826512733817983,0.9998483242015227
1,src,1.0,baseline,70,5,1.0029948024207551,0.8007858259668081,0.6836337928596679,0.7234155766502227
1,src,1.0,baseline,70,10,1.0029948024207551,0.8007858259668081,0.6360248447204968,0.8806050031654414
1,src,1.0,baseline,70,15,1.0029948024207551,0.8007858259668081,0.6110927425349482,0.945143000825154
1,src,1.0,baseline,70,20,1.0029948024207551,0.8007858259668081,0.5980469934544934,0.9754350941238468
1,src,1.0,baseline,70,25,1.0029948024207551,0.8007858259668081,0.5904451209390702,0.9885886767227053
1,src,1.0,baseline,70,30,1.0029948024207551,0.8007858259668081,0.5861092064638351,0.9947046460275902
1,src,1.0,baseline,70,35,1.0029948024207551,0.8007858259668081,0.5842249086802616,0.9975404440839952
1,src,1.0,baseline,70,40,1.0029948024207551,0.8007858259668081,0.5832943360217211,0.9990137561945747
1,src,1.0,baseline,70,45,1.0029948024207551,0.8007858259668081,0.5829826284142786,0.9997144066947068
1,src,1.0,baseline,70,50,1.0029948024207551,0.8007858259668081,0.5826512733817983,0.9998573186609357
1,src,3.0,optimized,80,5,1.0214278640481755,0.8107537606188114,0.6789678331565924,0.7193091545174615
1,src,3.0,optimized,80,10,1.0214278640481755,0.8107537606188114,0.6337979094076656,0.8784246233980437
1,src,3.0,optimized,80,15,1.0214278640481755,0.8107537606188114,0.6105978680209857,0.9444713859771232
1,src,3.0,optimized,80,20,1.0214278640481755,0.8107537606188114,0.5977818821077278,0.9751394878514825
1,src,3.0,optimized,80,25,1.0214278640481755,0.8107537606188114,0.5904451209390702,0.9887677374893227
1,src,3.0,optimized,80,30,1.0214278640481755,0.8107537606188114,0.586427340079954,0.9951307432317538
1,src,3.0,optimized,80,35,1.0214278640481755,0.8107537606188114,0.5844672961973044,0.9980654253687264
1,src,3.0,optimized,80,40,1.0214278640481755,0.8107537606188114,0.5833473582910743,0.999161254621258
1,src,3.0,optimized,80,45,1.0214278640481755,0.8107537606188114,0.5829826284142786,0.9997144066947068
1,src,3.0,optimized,80,50,1.0214278640481755,0.8107537606188114,0.5826512733817983,0.9998483242015227
1,src,1.0,baseline,80,5,1.003204328079322,0.8010338670297329,0.6842700600919053,0.7242027391939931
1,src,1.0,baseline,80,10,1.003204328079322,0.8010338670297329,0.6366611119527344,0.8811730518575407
1,src,1.0,baseline,80,15,1.003204328079322,0.8010338670297329,0.6112341352532233,0.9453172663971909
1,src,1.0,baseline,80,20,1.003204328079322,0.8010338670297329,0.5979409489157871,0.975284693440686
1,src,1.0,baseline,80,25,1.003204328079322,0.8010338670297329,0.5904451209390702,0.9886862154483741
1,src,1.0,baseline,80,30,1.003204328079322,0.8010338670297329,0.5860738582842664,0.9946522021425472
1,src,1.0,baseline,80,35,1.003204328079322,0.8010338670297329,0.5841643118010008,0.997419419733896
1,src,1.0,baseline,80,40,1.003204328079322,0.8010338670297329,0.5832943360217211,0.9990137561945747
1,src,1.0,baseline,80,45,1.003204328079322,0.8010338670297329,0.5829826284142786,0.9997144066947068
1,src,1.0,baseline,80,50,1.003204328079322,0.8010338670297329,0.5826724822895395,0.9998863008079331
1,src,3.0,optimized,90,5,1.0213192596894038,0.8106523235705883,0.6793920113114175,0.7195040037211211
1,src,3.0,optimized,90,10,1.0213192596894038,0.8106523235705883,0.6336918648689593,0.8783800460957571
1,src,3.0,optimized,90,15,1.0213192596894038,0.8106523235705883,0.6105978680209857,0.944496801090644
1,src,3.0,optimized,90,20,1.0213192596894038,0.8106523235705883,0.5978879266464341,0.975282169190547
1,src,3.0,optimized,90,25,1.0213192596894038,0.8106523235705883,0.5904451209390702,0.988772119405447
1,src,3.0,optimized,90,30,1.0213192596894038,0.8106523235705883,0.5864626882595227,0.9951766316311663
1,src,3.0,optimized,90,35,1.0213192596894038,0.8106523235705883,0.5844672961973044,0.9980654253687264
1,src,3.0,optimized,90,40,1.0213192596894038,0.8106523235705883,0.5833473582910743,0.999161254621258
1,src,3.0,optimized,90,45,1.0213192596894038,0.8106523235705883,0.5829826284142786,0.9997144066947068
1,src,3.0,optimized,90,50,1.0213192596894038,0.8106523235705883,0.5826512733817983,0.9998483242015227
1,src,1.0,baseline,90,5,1.0034118852197462,0.8012511019174545,0.6840579710144927,0.7240154223718617
1,src,1.0,baseline,90,10,1.0034118852197462,0.8012511019174545,0.6360248447204969,0.8807559307383271
1,src,1.0,baseline,90,15,1.0034118852197462,0.8012511019174545,0.6108806534575357,0.9449772008431437
1,src,1.0,baseline,90,20,1.0034118852197462,0.8012511019174545,0.597834904377081,0.975127994332416
1,src,1.0,baseline,90,25,1.0034118852197462,0.8012511019174545,0.5904451209390702,0.9886862154483741
1,src,1.0,baseline,90,30,1.0034118852197462,0.8012511019174545,0.5860738582842663,0.9946756638805927
1,src,1.0,baseline,90,35,1.0034118852197462,0.8012511019174545,0.5841946102406312,0.9974980855614606
1,src,1.0,baseline,90,40,1.0034118852197462,0.8012511019174545,0.5832943360217211,0.9990137561945747
1,src,1.0,baseline,90,45,1.0034118852197462,0.8012511019174545,0.5829826284142786,0.9997144066947068
1,src,1.0,baseline,90,50,1.0034118852197462,0.8012511019174545,0.5826724822895395,0.9998863008079331
1,src,3.0,optimized,100,5,1.0212007219069597,0.8105181858904718,0.6789678331565924,0.7193029688284562
1,src,3.0,optimized,100,10,1.0212007219069597,0.8105181858904718,0.6336918648689592,0.8781454961592119
1,src,3.0,optimized,100,15,1.0212007219069597,0.8105181858904718,0.6105978680209857,0.944496801090644
1,src,3.0,optimized,100,20,1.0212007219069597,0.8105181858904718,0.5979409489157871,0.9753822893347199
1,src,3.0,optimized,100,25,1.0212007219069597,0.8105181858904718,0.5904875387545526,0.9888100960118574
1,src,3.0,optimized,100,30,1.0212007219069597,0.8105181858904718,0.5864626882595227,0.9951766316311663
1,src,3.0,optimized,100,35,1.0212007219069597,0.8105181858904718,0.5844672961973044,0.9980654253687264
1,src,3.0,optimized,100,40,1.0212007219069597,0.8105181858904718,0.5833473582910743,0.999161254621258
1,src,3.0,optimized,100,45,1.0212007219069597,0.8105181858904718,0.5829826284142786,0.9997144066947068
1,src,3.0,optimized,100,50,1.0212007219069597,0.8105181858904718,0.5826512733817983,0.9998483242015227
1,src,1.0,baseline,100,5,1.0033936009894886,0.8011940723158009,0.6849063273241427,0.724263589525315
1,src,1.0,baseline,100,10,1.0033936009894886,0.8011940723158009,0.6360248447204969,0.8809232708691497
1,src,1.0,baseline,100,15,1.0033936009894886,0.8011940723158009,0.6110220461758108,0.9449937918577265
1,src,1.0,baseline,100,20,1.0033936009894886,0.8011940723158009,0.5977288598383746,0.9749845448821515
1,src,1.0,baseline,100,25,1.0033936009894886,0.8011940723158009,0.5905299565700353,0.9887676414804146
1,src,1.0,baseline,100,30,1.0033936009894886,0.8011940723158009,0.5860738582842663,0.9946756638805927
1,src,1.0,baseline,100,35,1.0033936009894886,0.8011940723158009,0.5841643118010008,0.997419419733896
1,src,1.0,baseline,100,40,1.0033936009894886,0.8011940723158009,0.5832943360217211,0.9990137561945747
1,src,1.0,baseline,100,45,1.0033936009894886,0.8011940723158009,0.5829826284142786,0.9997144066947068
1,src,1.0,baseline,100,50,1.0033936009894886,0.8011940723158009,0.5826724822895395,0.9998863008079331
1,cpcc,2.249999999999999,optimized,10,5,1.0076863308045592,0.7938363085502177,0.6702721809826794,0.7093896386236659
1,cpcc,2.249999999999999,optimized,10,10,1.0076863308045592,0.7938363085502177,0.6302984396303591,0.8738701911787202
1,cpcc,2.249999999999999,optimized,10,15,1.0076863308045592,0.7938363085502177,0.608689066324273,0.9421789586402524
1,cpcc,2.249999999999999,optimized,10,20,1.0076863308045592,0.7938363085502177,0.5968805035287246,0.9740364068403238
1,cpcc,2.249999999999999,optimized,10,25,1.0076863308045592,0.7938363085502177,0.5894695111829725,0.9872748246772161
1,cpcc,2.249999999999999,optimized,10,30,1.0076863308045592,0.7938363085502177,0.5863566437208164,0.9949566357402786
1,cpcc,2.249999999999999,optimized,10,35,1.0076863308045592,0.7938363085502177,0.5842552071198919,0.9976570661302169
1,cpcc,2.249999999999999,optimized,10,40,1.0076863308045592,0.7938363085502177,0.5833473582910743,0.9991393930879625
1,cpcc,2.249999999999999,optimized,10,45,1.0076863308045592,0.7938363085502177,0.5829354975081869,0.9996654368601249
1,cpcc,2.249999999999999,optimized,10,50,1.0076863308045592,0.7938363085502177,0.5826088555663157,0.9997813654481148
1,cpcc,1.0,baseline,10,5,1.003700633826854,0.792026432442087,0.6713326263697419,0.7101630158611528
1,cpcc,1.0,baseline,10,10,1.003700633826854,0.792026432442087,0.6306165732464778,0.8744318043214834
1,cpcc,1.0,baseline,10,15,1.003700633826854,0.792026432442087,0.608689066324273,0.9420396604376743
1,cpcc,1.0,baseline,10,20,1.003700633826854,0.792026432442087,0.5968805035287246,0.9740070228400277
1,cpcc,1.0,baseline,10,25,1.003700633826854,0.792026432442087,0.5895543468139377,0.9873663461029337
1,cpcc,1.0,baseline,10,30,1.003700633826854,0.792026432442087,0.5862152510025415,0.9947366385113189
1,cpcc,1.0,baseline,10,35,1.003700633826854,0.792026432442087,0.5842249086802614,0.9975723490851474
1,cpcc,1.0,baseline,10,40,1.003700633826854,0.792026432442087,0.5833473582910743,0.9991890767685296
1,cpcc,1.0,baseline,10,45,1.003700633826854,0.792026432442087,0.5829354975081869,0.9996654368601249
1,cpcc,1.0,baseline,10,50,1.003700633826854,0.792026432442087,0.5826088555663157,0.9997813654481148
1,cpcc,4.0,optimized,20,5,0.9950577397881948,0.7824722795420822,0.6751502297631673,0.7139356194328964
1,cpcc,4.0,optimized,20,10,0.9950577397881948,0.7824722795420822,0.6335858203302529,0.8766601625537895
1,cpcc,4.0,optimized,20,15,0.9950577397881948,0.7824722795420822,0.6094667262747856,0.9431404584596852
1,cpcc,4.0,optimized,20,20,0.9950577397881948,0.7824722795420822,0.5982590825319059,0.9755354970581444
1,cpcc,4.0,optimized,20,25,0.9950577397881948,0.7824722795420822,0.5901481962306927,0.988233608609483
1,cpcc,4.0,optimized,20,30,0.9950577397881948,0.7824722795420822,0.5864626882595227,0.9951221408338545
1,cpcc,4.0,optimized,20,35,0.9950577397881948,0.7824722795420822,0.584255207119892,0.9976665684426724
1,cpcc,4.0,optimized,20,40,0.9950577397881948,0.7824722795420822,0.5833208471563976,0.9990208768082766
1,cpcc,4.0,optimized,20,45,0.9950577397881948,0.7824722795420822,0.5829354975081869,0.9996157531795579
1,cpcc,4.0,optimized,20,50,0.9950577397881948,0.7824722795420822,0.5826300644740571,0.9998193420545253
1,cpcc,1.0,baseline,20,5,0.9821663092283078,0.77645217536938,0.6774832096147048,0.7176754673231294
1,cpcc,1.0,baseline,20,10,0.9821663092283078,0.77645217536938,0.6354946220269656,0.8799138587515551
1,cpcc,1.0,baseline,20,15,0.9821663092283078,0.77645217536938,0.6113048316123607,0.945564908273883
1,cpcc,1.0,baseline,20,20,0.9821663092283078,0.77645217536938,0.5981000157238465,0.9755677590477977
1,cpcc,1.0,baseline,20,25,0.9821663092283078,0.77645217536938,0.5902754496771402,0.9885694891730865
1,cpcc,1.0,baseline,20,30,0.9821663092283078,0.77645217536938,0.5863212955412477,0.9948916772939964
1,cpcc,1.0,baseline,20,35,0.9821663092283078,0.77645217536938,0.5843158039991526,0.9977485979125189
1,cpcc,1.0,baseline,20,40,0.9821663092283078,0.77645217536938,0.5833208471563976,0.9990249257846953
1,cpcc,1.0,baseline,20,45,0.9821663092283078,0.77645217536938,0.5829590629612327,0.9996854245477094
1,cpcc,1.0,baseline,20,50,0.9821663092283078,0.77645217536938,0.5826300644740571,0.9998193420545253
1,cpcc,5.0,optimized,30,5,0.9958962416782134,0.7818531177256971,0.6751502297631672,0.7147259245571769
1,cpcc,5.0,optimized,30,10,0.9958962416782134,0.7818531177256971,0.6333737312528405,0.8765720970859577
1,cpcc,5.0,optimized,30,15,0.9958962416782134,0.7818531177256971,0.6101029935070234,0.9427968450922194
1,cpcc,5.0,optimized,30,20,0.9958962416782134,0.7818531177256971,0.5981530379931997,0.9753744090005123
1,cpcc,5.0,optimized,30,25,0.9958962416782134,0.7818531177256971,0.5902754496771402,0.9884881329933071
1,cpcc,5.0,optimized,30,30,0.9958962416782134,0.7818531177256971,0.5866394291573664,0.9956185275450963
1,cpcc,5.0,optimized,30,35,0.9958962416782134,0.7818531177256971,0.5841946102406311,0.9974922629996992
1,cpcc,5.0,optimized,30,40,0.9958962416782134,0.7818531177256971,0.5833208471563976,0.9990208768082766
1,cpcc,5.0,optimized,30,45,0.9958962416782134,0.7818531177256971,0.5829354975081869,0.9996157531795579
1,cpcc,5.0,optimized,30,50,0.9958962416782134,0.7818531177256971,0.5826300644740571,0.9998193420545253
1,cpcc,1.0,baseline,30,5,0.9765530724892553,0.7724022735920532,0.6787557440791798,0.7183989989834408
1,cpcc,1.0,baseline,30,10,0.9765530724892553,0.7724022735920532,0.6354946220269657,0.8797500876990795
1,cpcc,1.0,baseline,30,15,0.9765530724892553,0.7724022735920532,0.6115169206897733,0.9462577349650545
1,cpcc,1.0,baseline,30,20,0.9765530724892553,0.7724022735920532,0.5979939711851402,0.975517008662408
1,cpcc,1.0,baseline,30,25,0.9765530724892553,0.7724022735920532,0.5904451209390702,0.9886585364827374
1,cpcc,1.0,baseline,30,30,0.9765530724892553,0.7724022735920532,0.5862152510025415,0.9948719755925588
1,cpcc,1.0,baseline,30,35,0.9765530724892553,0.7724022735920532,0.5842249086802617,0.9976206800432598
1,cpcc,1.0,baseline,30,40,0.9765530724892553,0.7724022735920532,0.5832943360217211,0.9989560931855763
1,cpcc,1.0,baseline,30,45,0.9765530724892553,0.7724022735920532,0.5829354975081869,0.9996157531795579
1,cpcc,1.0,baseline,30,50,0.9765530724892553,0.7724022735920532,0.5826512733817983,0.9998573186609357
1,cpcc,5.0,optimized,40,5,0.9940333967287766,0.7803905507689252,0.6781194768469424,0.7159744588178258
1,cpcc,5.0,optimized,40,10,0.9940333967287766,0.7803905507689252,0.6339039539463717,0.8772690671287975
1,cpcc,5.0,optimized,40,15,0.9940333967287766,0.7803905507689252,0.6103857789435733,0.9430815914465934
1,cpcc,5.0,optimized,40,20,0.9940333967287766,0.7803905507689252,0.5978349043770809,0.9749368854503062
1,cpcc,5.0,optimized,40,25,0.9940333967287766,0.7803905507689252,0.5903178674926227,0.9885252807452124
1,cpcc,5.0,optimized,40,30,0.9940333967287766,0.7803905507689252,0.5865333846186601,0.9954348922773244
1,cpcc,5.0,optimized,40,35,0.9940333967287766,0.7803905507689252,0.5841946102406312,0.9974966449158236
1,cpcc,5.0,optimized,40,40,0.9940333967287766,0.7803905507689252,0.5833208471563976,0.9990208768082766
1,cpcc,5.0,optimized,40,45,0.9940333967287766,0.7803905507689252,0.5829354975081869,0.9996157531795579
1,cpcc,5.0,optimized,40,50,0.9940333967287766,0.7803905507689252,0.5826300644740571,0.9998193420545253
1,cpcc,1.0,baseline,40,5,0.9763175606456673,0.7725448948094485,0.679179922234005,0.719104692562126
1,cpcc,1.0,baseline,40,10,0.9763175606456673,0.7725448948094485,0.6372973791849721,0.8821127697667381
1,cpcc,1.0,baseline,40,15,0.9763175606456673,0.7725448948094485,0.6107392607392608,0.9451980843092349
1,cpcc,1.0,baseline,40,20,0.9763175606456673,0.7725448948094485,0.5980469934544934,0.9755481948732676
1,cpcc,1.0,baseline,40,25,0.9763175606456673,0.7725448948094485,0.5904027031235878,0.9886654587419391
1,cpcc,1.0,baseline,40,30,0.9763175606456673,0.7725448948094485,0.5862859473616788,0.9950012386393332
1,cpcc,1.0,baseline,40,35,0.9763175606456673,0.7725448948094485,0.5841946102406312,0.9975215488607078
1,cpcc,1.0,baseline,40,40,0.9763175606456673,0.7725448948094485,0.5833473582910743,0.9990689786481315
1,cpcc,1.0,baseline,40,45,0.9763175606456673,0.7725448948094485,0.582911932055141,0.9995777765731474
1,cpcc,1.0,baseline,40,50,0.9763175606456673,0.7725448948094485,0.5826512733817983,0.9998573186609357
1,cpcc,5.5,optimized,50,5,0.9964540437106875,0.7819507480719484,0.6768469423824672,0.7147938062409465
1,cpcc,5.5,optimized,50,10,0.9964540437106875,0.7819507480719484,0.6337979094076656,0.8770803025835816
1,cpcc,5.5,optimized,50,15,0.9964540437106875,0.7819507480719484,0.6101736898661607,0.9427596671427437
1,cpcc,5.5,optimized,50,20,0.9964540437106875,0.7819507480719484,0.5978879266464341,0.974949732578492
1,cpcc,5.5,optimized,50,25,0.9964540437106875,0.7819507480719484,0.5902330318616577,0.9883654172234881
1,cpcc,5.5,optimized,50,30,0.9964540437106875,0.7819507480719484,0.5865333846186601,0.9954761918367957
1,cpcc,5.5,optimized,50,35,0.9964540437106875,0.7819507480719484,0.5841643118010008,0.9974091147887978
1,cpcc,5.5,optimized,50,40,0.9964540437106875,0.7819507480719484,0.5833208471563976,0.9990208768082766
1,cpcc,5.5,optimized,50,45,0.9964540437106875,0.7819507480719484,0.5829354975081869,0.9996157531795579
1,cpcc,5.5,optimized,50,50,0.9964540437106875,0.7819507480719484,0.5826512733817983,0.9999040590995946
1,cpcc,1.0,baseline,50,5,0.9767747863001206,0.7730397449013141,0.6779073877695299,0.7179819026012304
1,cpcc,1.0,baseline,50,10,0.9767747863001206,0.7730397449013141,0.6370852901075593,0.8815359866582847
1,cpcc,1.0,baseline,50,15,0.9767747863001206,0.7730397449013141,0.6113048316123607,0.9459019671258481
1,cpcc,1.0,baseline,50,20,0.9767747863001206,0.7730397449013141,0.5980469934544934,0.975473643954032
1,cpcc,1.0,baseline,50,25,0.9767747863001206,0.7730397449013141,0.5905723743855178,0.9888632571768983
1,cpcc,1.0,baseline,50,30,0.9767747863001206,0.7730397449013141,0.5862859473616788,0.9949878622637959
1,cpcc,1.0,baseline,50,35,0.9767747863001206,0.7730397449013141,0.5841643118010008,0.9975473783310176
1,cpcc,1.0,baseline,50,40,0.9767747863001206,0.7730397449013141,0.5833208471563978,0.999031002041721
1,cpcc,1.0,baseline,50,45,0.9767747863001206,0.7730397449013141,0.582911932055141,0.9995777765731474
1,cpcc,1.0,baseline,50,50,0.9767747863001206,0.7730397449013141,0.5826512733817983,0.9998573186609357
1,cpcc,6.0,optimized,60,5,0.9997193829297902,0.784114666052117,0.6766348533050548,0.7147616278222041
1,cpcc,6.0,optimized,60,10,0.9997193829297902,0.784114666052117,0.6326314194818967,0.8759083848623636
1,cpcc,6.0,optimized,60,15,0.9997193829297902,0.784114666052117,0.6105978680209857,0.943617926286076
1,cpcc,6.0,optimized,60,20,0.9997193829297902,0.784114666052117,0.5976758375690215,0.9746848909590249
1,cpcc,6.0,optimized,60,25,0.9997193829297902,0.784114666052117,0.5902754496771402,0.9884530448859131
1,cpcc,6.0,optimized,60,30,0.9997193829297902,0.784114666052117,0.5865333846186601,0.9954469347168666
1,cpcc,6.0,optimized,60,35,0.9997193829297902,0.784114666052117,0.5841946102406312,0.9974514733113325
1,cpcc,6.0,optimized,60,40,0.9997193829297902,0.784114666052117,0.5832678248870445,0.9988733783815932
1,cpcc,6.0,optimized,60,45,0.9997193829297902,0.784114666052117,0.5829354975081869,0.9996157531795579
1,cpcc,6.0,optimized,60,50,0.9997193829297902,0.784114666052117,0.5826512733817983,0.9999040590995946
1,cpcc,1.0,baseline,60,5,0.9765650365804512,0.7735684157146784,0.679179922234005,0.717908451679114
1,cpcc,1.0,baseline,60,10,0.9765650365804512,0.7735684157146784,0.6364490228753219,0.8812696957876479
1,cpcc,1.0,baseline,60,15,0.9765650365804512,0.7735684157146784,0.6114462243306358,0.9459586717619449
1,cpcc,1.0,baseline,60,20,0.9765650365804512,0.7735684157146784,0.5977818821077278,0.9752578527945908
1,cpcc,1.0,baseline,60,25,0.9765650365804512,0.7735684157146784,0.5905723743855177,0.9887915232757768
1,cpcc,1.0,baseline,60,30,0.9765650365804512,0.7735684157146784,0.5862859473616789,0.9949996698051651
1,cpcc,1.0,baseline,60,35,0.9765650365804512,0.7735684157146784,0.5841340133613705,0.9974556015321925
1,cpcc,1.0,baseline,60,40,0.9765650365804512,0.7735684157146784,0.5833208471563978,0.999031002041721
1,cpcc,1.0,baseline,60,45,0.9765650365804512,0.7735684157146784,0.582911932055141,0.9995777765731474
1,cpcc,1.0,baseline,60,50,0.9765650365804512,0.7735684157146784,0.5826512733817983,0.9998573186609357
1,cpcc,6.0,optimized,70,5,0.9992874032190282,0.7837926121579469,0.6762106751502298,0.7135597411137095
1,cpcc,6.0,optimized,70,10,0.9992874032190282,0.7837926121579469,0.6327374640206029,0.8761199177604733
1,cpcc,6.0,optimized,70,15,0.9992874032190282,0.7837926121579469,0.6103857789435732,0.9433258633401712
1,cpcc,6.0,optimized,70,20,0.9992874032190282,0.7837926121579469,0.5977288598383745,0.9747817741361307
1,cpcc,6.0,optimized,70,25,0.9992874032190282,0.7837926121579469,0.5903178674926227,0.9885081109652082
1,cpcc,6.0,optimized,70,30,0.9992874032190282,0.7837926121579469,0.5865333846186601,0.995440390361093
1,cpcc,6.0,optimized,70,35,0.9992874032190282,0.7837926121579469,0.5841946102406312,0.9974514733113325
1,cpcc,6.0,optimized,70,40,0.9992874032190282,0.7837926121579469,0.5832678248870445,0.9988733783815932
1,cpcc,6.0,optimized,70,45,0.9992874032190282,0.7837926121579469,0.5829354975081869,0.9996157531795579
1,cpcc,6.0,optimized,70,50,0.9992874032190282,0.7837926121579469,0.5826512733817983,0.9999040590995946
1,cpcc,1.0,baseline,70,5,0.9764471525331926,0.7738703966981021,0.679179922234005,0.7176565468291916
1,cpcc,1.0,baseline,70,10,0.9764471525331926,0.7738703966981021,0.6363429783366157,0.8815697292489825
1,cpcc,1.0,baseline,70,15,0.9764471525331926,0.7738703966981021,0.6105271716618482,0.9449439025016186
1,cpcc,1.0,baseline,70,20,0.9764471525331926,0.7738703966981021,0.5977288598383745,0.9751850007021091
1,cpcc,1.0,baseline,70,25,0.9764471525331926,0.7738703966981021,0.5906572100164827,0.9890313855092209
1,cpcc,1.0,baseline,70,30,0.9764471525331926,0.7738703966981021,0.5862152510025415,0.9948790257776595
1,cpcc,1.0,baseline,70,35,0.9764471525331926,0.7738703966981021,0.5841340133613705,0.9974365651138297
1,cpcc,1.0,baseline,70,40,0.9764471525331926,0.7738703966981021,0.5833208471563978,0.999031002041721
1,cpcc,1.0,baseline,70,45,0.9764471525331926,0.7738703966981021,0.582911932055141,0.9995777765731474
1,cpcc,1.0,baseline,70,50,0.9764471525331926,0.7738703966981021,0.5826512733817983,0.9998573186609357
1,cpcc,6.0,optimized,80,5,0.9991446260676528,0.7838096491192705,0.6740897843761046,0.7124408621341477
1,cpcc,6.0,optimized,80,10,0.9991446260676528,0.7838096491192705,0.6327374640206029,0.8762083193246456
1,cpcc,6.0,optimized,80,15,0.9991446260676528,0.7838096491192705,0.6103150825844358,0.9432472647483566
1,cpcc,6.0,optimized,80,20,0.9991446260676528,0.7838096491192705,0.5975167707609621,0.9745610035733026
1,cpcc,6.0,optimized,80,25,0.9991446260676528,0.7838096491192705,0.5902754496771402,0.9883979788066178
1,cpcc,6.0,optimized,80,30,0.9991446260676528,0.7838096491192705,0.5864980364390914,0.9954114082140956
1,cpcc,6.0,optimized,80,35,0.9991446260676528,0.7838096491192705,0.5841946102406312,0.9974514733113325
1,cpcc,6.0,optimized,80,40,0.9991446260676528,0.7838096491192705,0.5832678248870445,0.9988733783815932
1,cpcc,6.0,optimized,80,45,0.9991446260676528,0.7838096491192705,0.5829354975081869,0.9996157531795579
1,cpcc,6.0,optimized,80,50,0.9991446260676528,0.7838096491192705,0.5826512733817983,0.9999040590995946
1,cpcc,1.0,baseline,80,5,0.9770692311852353,0.7746843314340394,0.679179922234005,0.7187497878672897
1,cpcc,1.0,baseline,80,10,0.9770692311852353,0.7746843314340394,0.6358127556430845,0.8811655291500093
1,cpcc,1.0,baseline,80,15,0.9770692311852353,0.7746843314340394,0.6102443862252982,0.9446294482154423
1,cpcc,1.0,baseline,80,20,0.9770692311852353,0.7746843314340394,0.5979939711851402,0.9754454839802817
1,cpcc,1.0,baseline,80,25,0.9770692311852353,0.7746843314340394,0.5905299565700353,0.9887831645671673
1,cpcc,1.0,baseline,80,30,0.9770692311852353,0.7746843314340394,0.5861799028229727,0.9948121674914644
1,cpcc,1.0,baseline,80,35,0.9770692311852353,0.7746843314340394,0.5841340133613705,0.9974365651138297
1,cpcc,1.0,baseline,80,40,0.9770692311852353,0.7746843314340394,0.5833208471563978,0.999031002041721
1,cpcc,1.0,baseline,80,45,0.9770692311852353,0.7746843314340394,0.582911932055141,0.9995777765731474
1,cpcc,1.0,baseline,80,50,0.9770692311852353,0.7746843314340394,0.5826512733817983,0.9998573186609357
1,cpcc,6.5,optimized,90,5,1.003124423619723,0.7862808742559574,0.6751502297631672,0.7132850874016283
1,cpcc,6.5,optimized,90,10,1.003124423619723,0.7862808742559574,0.6327374640206029,0.8762506111101603
1,cpcc,6.5,optimized,90,15,1.003124423619723,0.7862808742559574,0.6100322971478858,0.9429490986261866
1,cpcc,6.5,optimized,90,20,1.003124423619723,0.7862808742559574,0.5974637484916089,0.9744706387252284
1,cpcc,6.5,optimized,90,25,1.003124423619723,0.7862808742559574,0.5902330318616577,0.9883399622852245
1,cpcc,6.5,optimized,90,30,1.003124423619723,0.7862808742559574,0.5865333846186601,0.995391174779274
1,cpcc,6.5,optimized,90,35,1.003124423619723,0.7862808742559574,0.5841340133613705,0.997366756266263
1,cpcc,6.5,optimized,90,40,1.003124423619723,0.7862808742559574,0.5832678248870445,0.9988733783815932
1,cpcc,6.5,optimized,90,45,1.003124423619723,0.7862808742559574,0.5829354975081869,0.9996157531795579
1,cpcc,6.5,optimized,90,50,1.003124423619723,0.7862808742559574,0.5826512733817983,0.9999040590995946
1,cpcc,1.0,baseline,90,5,0.9771831494501076,0.7750068864314421,0.6802403676210675,0.7196934477316546
1,cpcc,1.0,baseline,90,10,0.9771831494501076,0.7750068864314421,0.6354946220269656,0.8802157528320264
1,cpcc,1.0,baseline,90,15,0.9771831494501076,0.7750068864314421,0.6106685643801233,0.9451235517339063
1,cpcc,1.0,baseline,90,20,0.9771831494501076,0.7750068864314421,0.5981000157238465,0.9755542010657177
1,cpcc,1.0,baseline,90,25,0.9771831494501076,0.7750068864314421,0.5905299565700353,0.9887831645671673
1,cpcc,1.0,baseline,90,30,0.9771831494501076,0.7750068864314421,0.5861799028229727,0.9948121674914644
1,cpcc,1.0,baseline,90,35,0.9771831494501076,0.7750068864314421,0.5841340133613705,0.9974365651138297
1,cpcc,1.0,baseline,90,40,0.9771831494501076,0.7750068864314421,0.5833208471563978,0.999031002041721
1,cpcc,1.0,baseline,90,45,0.9771831494501076,0.7750068864314421,0.582911932055141,0.9995777765731474
1,cpcc,1.0,baseline,90,50,0.9771831494501076,0.7750068864314421,0.5826512733817983,0.9998573186609357
1,cpcc,6.5,optimized,100,5,1.003053054807715,0.7862398405325005,0.6747260516083422,0.7129100463878207
1,cpcc,6.5,optimized,100,10,1.003053054807715,0.7862398405325005,0.6329495530980155,0.8763948317940286
1,cpcc,6.5,optimized,100,15,1.003053054807715,0.7862398405325005,0.6099616007887482,0.9428481441474789
1,cpcc,6.5,optimized,100,20,1.003053054807715,0.7862398405325005,0.5974107262222559,0.9744094541926782
1,cpcc,6.5,optimized,100,25,1.003053054807715,0.7862398405325005,0.5902754496771401,0.9884047459079246
1,cpcc,6.5,optimized,100,30,1.003053054807715,0.7862398405325005,0.5865333846186601,0.995391174779274
1,cpcc,6.5,optimized,100,35,1.003053054807715,0.7862398405325005,0.5841340133613705,0.997366756266263
1,cpcc,6.5,optimized,100,40,1.003053054807715,0.7862398405325005,0.5832678248870445,0.9988733783815932
1,cpcc,6.5,optimized,100,45,1.003053054807715,0.7862398405325005,0.5829354975081869,0.9996157531795579
1,cpcc,6.5,optimized,100,50,1.003053054807715,0.7862398405325005,0.5826512733817983,0.9999040590995946
1,cpcc,1.0,baseline,100,5,0.9778637950367329,0.7757994871324341,0.6796041003888299,0.7193397459786265
1,cpcc,1.0,baseline,100,10,0.9778637950367329,0.7757994871324341,0.6354946220269655,0.8802731426625775
1,cpcc,1.0,baseline,100,15,0.9778637950367329,0.7757994871324341,0.6107392607392608,0.9451032318829105
1,cpcc,1.0,baseline,100,20,0.9778637950367329,0.7757994871324341,0.5978879266464341,0.9752318823720593
1,cpcc,1.0,baseline,100,25,0.9778637950367329,0.7757994871324341,0.5905723743855178,0.9888678816122367
1,cpcc,1.0,baseline,100,30,0.9778637950367329,0.7757994871324341,0.5861799028229727,0.9948121674914644
1,cpcc,1.0,baseline,100,35,0.9778637950367329,0.7757994871324341,0.5841340133613705,0.9974365651138297
1,cpcc,1.0,baseline,100,40,0.9778637950367329,0.7757994871324341,0.5833208471563978,0.999031002041721
1,cpcc,1.0,baseline,100,45,0.9778637950367329,0.7757994871324341,0.582911932055141,0.9995777765731474
1,cpcc,1.0,baseline,100,50,0.9778637950367329,0.7757994871324341,0.5826512733817983,0.9998573186609357
1,ari,0.25,optimized,10,5,1.0492450926398191,0.8338840415465641,0.6605160834217038,0.7044988910218547
1,ari,0.25,optimized,10,10,1.0492450926398191,0.8338840415465641,0.6245720345402211,0.8694507708031681
1,ari,0.25,optimized,10,15,1.0492450926398191,0.8338840415465641,0.6066388719092854,0.9392829165068531
1,ari,0.25,optimized,10,20,1.0492450926398191,0.8338840415465641,0.5959261026803682,0.9721988789887122
1,ari,0.25,optimized,10,25,1.0492450926398191,0.8338840415465641,0.5895119289984553,0.9870899293662568
1,ari,0.25,optimized,10,30,1.0492450926398191,0.8338840415465641,0.5857203764885789,0.9940332890560909
1,ari,0.25,optimized,10,35,1.0492450926398191,0.8338840415465641,0.5837401336461758,0.996622741743015
1,ari,0.25,optimized,10,40,1.0492450926398191,0.8338840415465641,0.5831352692136618,0.9985863510856886
1,ari,0.25,optimized,10,45,1.0492450926398191,0.8338840415465641,0.5828883666020952,0.999443375847511
1,ari,0.25,optimized,10,50,1.0492450926398191,0.8338840415465641,0.5826512733817983,0.9998483242015227
1,ari,1.0,baseline,10,5,1.068503617451726,0.8472726178810494,0.6564863909508659,0.7015883873802764
1,ari,1.0,baseline,10,10,1.068503617451726,0.8472726178810494,0.6232995000757461,0.866738408336538
1,ari,1.0,baseline,10,15,1.068503617451726,0.8472726178810494,0.6055077301630853,0.9379240359425297
1,ari,1.0,baseline,10,20,1.068503617451726,0.8472726178810494,0.5948656572933058,0.9706903115969906
1,ari,1.0,baseline,10,25,1.068503617451726,0.8472726178810494,0.5890029152126651,0.9863812684255172
1,ari,1.0,baseline,10,30,1.068503617451726,0.8472726178810494,0.5857203764885789,0.9939289343635044
1,ari,1.0,baseline,10,35,1.068503617451726,0.8472726178810494,0.5836795367669152,0.9964582264185065
1,ari,1.0,baseline,10,40,1.068503617451726,0.8472726178810494,0.5830822469443085,0.9984497752293444
1,ari,1.0,baseline,10,45,1.068503617451726,0.8472726178810494,0.582911932055141,0.9994813524539214
1,ari,1.0,baseline,10,50,1.068503617451726,0.8472726178810494,0.5826512733817983,0.9998483242015227
1,ari,0.35000000000000003,optimized,20,5,1.0250476112585758,0.8145647067631278,0.6706963591375045,0.7111550862668826
1,ari,0.35000000000000003,optimized,20,10,1.0250476112585758,0.8145647067631278,0.6291319497045901,0.87408100398283
1,ari,0.35000000000000003,optimized,20,15,1.0250476112585758,0.8145647067631278,0.6093253335565106,0.9425520994659887
1,ari,0.35000000000000003,optimized,20,20,1.0250476112585758,0.8145647067631278,0.5974637484916091,0.9743182747046406
1,ari,0.35000000000000003,optimized,20,25,1.0250476112585758,0.8145647067631278,0.5900633605997276,0.9881689327316747
1,ari,0.35000000000000003,optimized,20,30,1.0250476112585758,0.8145647067631278,0.5859324655659914,0.9943377782018238
1,ari,0.35000000000000003,optimized,20,35,1.0250476112585758,0.8145647067631278,0.5839825211632187,0.9970965050059967
1,ari,0.35000000000000003,optimized,20,40,1.0250476112585758,0.8145647067631278,0.5832148026176914,0.9987319756666609
1,ari,0.35000000000000003,optimized,20,45,1.0250476112585758,0.8145647067631278,0.5829826284142786,0.9997144066947068
1,ari,0.35000000000000003,optimized,20,50,1.0250476112585758,0.8145647067631278,0.5826512733817983,0.9998573186609357
1,ari,1.0,baseline,20,5,1.0414130449153103,0.8255461566791602,0.6662424885118416,0.7084483036569237
1,ari,1.0,baseline,20,10,1.0414130449153103,0.8255461566791602,0.6271171034691713,0.8719181389009767
1,ari,1.0,baseline,20,15,1.0414130449153103,0.8255461566791602,0.607840710014623,0.9408694567607226
1,ari,1.0,baseline,20,20,1.0414130449153103,0.8255461566791602,0.5962972585658401,0.9726535899353068
1,ari,1.0,baseline,20,25,1.0414130449153103,0.8255461566791602,0.5897664358913502,0.9876008064623456
1,ari,1.0,baseline,20,30,1.0414130449153103,0.8255461566791602,0.5858264210272852,0.9941559066078887
1,ari,1.0,baseline,20,35,1.0414130449153103,0.8255461566791602,0.5838613274046972,0.9967618390600971
1,ari,1.0,baseline,20,40,1.0414130449153103,0.8255461566791602,0.5832148026176914,0.9987587826829507
1,ari,1.0,baseline,20,45,1.0414130449153103,0.8255461566791602,0.5829354975081869,0.9996474479412989
1,ari,1.0,baseline,20,50,1.0414130449153103,0.8255461566791602,0.5826512733817983,0.9998483242015227
1,ari,0.45,optimized,30,5,1.019552178152615,0.8105442291787426,0.6721809826793919,0.711264284184442
1,ari,0.45,optimized,30,10,1.019552178152615,0.8105442291787426,0.6324193304044841,0.8777017124772679
1,ari,0.45,optimized,30,15,1.019552178152615,0.8105442291787426,0.6095374226339232,0.9430788355914962
1,ari,0.45,optimized,30,20,1.019552178152615,0.8105442291787426,0.5973577039529028,0.974197685120809
1,ari,0.45,optimized,30,25,1.019552178152615,0.8105442291787426,0.5901057784152103,0.9881154552105654
1,ari,0.45,optimized,30,30,1.019552178152615,0.8105442291787426,0.5862152510025415,0.9948059254609058
1,ari,0.45,optimized,30,35,1.019552178152615,0.8105442291787426,0.5839219242839581,0.9969009592728736
1,ari,0.45,optimized,30,40,1.019552178152615,0.8105442291787426,0.5832148026176914,0.9987726648878151
1,ari,0.45,optimized,30,45,1.019552178152615,0.8105442291787426,0.5829354975081869,0.9996474479412989
1,ari,0.45,optimized,30,50,1.019552178152615,0.8105442291787426,0.5826300644740571,0.9998193420545253
1,ari,1.0,baseline,30,5,1.0335128673662446,0.8194544782103182,0.6679392011311418,0.7074966348073983
1,ari,1.0,baseline,30,10,1.0335128673662446,0.8194544782103182,0.6306165732464778,0.8748244204670386
1,ari,1.0,baseline,30,15,1.0335128673662446,0.8194544782103182,0.6089011554016857,0.942063656544128
1,ari,1.0,baseline,30,20,1.0335128673662446,0.8194544782103182,0.5966153921819589,0.97296677723023
1,ari,1.0,baseline,30,25,1.0335128673662446,0.8194544782103182,0.5896391824449027,0.9874397061070298
1,ari,1.0,baseline,30,30,1.0335128673662446,0.8194544782103182,0.5860385101046977,0.9945677046694359
1,ari,1.0,baseline,30,35,1.0335128673662446,0.8194544782103182,0.5839825211632187,0.9970462462828305
1,ari,1.0,baseline,30,40,1.0335128673662446,0.8194544782103182,0.5831882914830148,0.9986801168553863
1,ari,1.0,baseline,30,45,1.0335128673662446,0.8194544782103182,0.5829826284142786,0.9997144066947068
1,ari,1.0,baseline,30,50,1.0335128673662446,0.8194544782103182,0.5826512733817983,0.9998483242015227
1,ari,0.55,optimized,40,5,1.0185324211538422,0.8096826147016327,0.6702721809826794,0.7100622390707533
1,ari,0.55,optimized,40,10,1.0185324211538422,0.8096826147016327,0.6324193304044842,0.8774272126164029
1,ari,0.55,optimized,40,15,1.0185324211538422,0.8096826147016327,0.6098909044296107,0.943869521180759
1,ari,0.55,optimized,40,20,1.0185324211538422,0.8096826147016327,0.5978879266464341,0.9748066434371624
1,ari,0.55,optimized,40,25,1.0185324211538422,0.8096826147016327,0.5901057784152103,0.9880634989616467
1,ari,0.55,optimized,40,30,1.0185324211538422,0.8096826147016327,0.5860031619251289,0.9945093410736446
1,ari,0.55,optimized,40,35,1.0185324211538422,0.8096826147016327,0.5840431180424794,0.9971361759533085
1,ari,0.55,optimized,40,40,1.0185324211538422,0.8096826147016327,0.5832148026176914,0.9987726648878151
1,ari,0.55,optimized,40,45,1.0185324211538422,0.8096826147016327,0.5829826284142786,0.9997144066947068
1,ari,0.55,optimized,40,50,1.0185324211538422,0.8096826147016327,0.5826300644740571,0.9998193420545253
1,ari,1.0,baseline,40,5,1.0304284681289388,0.8171872668134288,0.6706963591375045,0.7105423273877824
1,ari,1.0,baseline,40,10,1.0304284681289388,0.8171872668134288,0.6312528404787153,0.8753323375171959
1,ari,1.0,baseline,40,15,1.0304284681289388,0.8171872668134288,0.6090425481199606,0.9422374468523274
1,ari,1.0,baseline,40,20,1.0304284681289388,0.8171872668134288,0.5970395703367839,0.9735769340669708
1,ari,1.0,baseline,40,25,1.0304284681289388,0.8171872668134288,0.5897664358913501,0.9876711207391734
1,ari,1.0,baseline,40,30,1.0304284681289388,0.8171872668134288,0.5860385101046975,0.9946335249300162
1,ari,1.0,baseline,40,35,1.0304284681289388,0.8171872668134288,0.5840431180424795,0.9971628887168054
1,ari,1.0,baseline,40,40,1.0304284681289388,0.8171872668134288,0.5832148026176914,0.9987587826829507
1,ari,1.0,baseline,40,45,1.0304284681289388,0.8171872668134288,0.5829826284142786,0.9997144066947068
1,ari,1.0,baseline,40,50,1.0304284681289388,0.8171872668134288,0.5826512733817983,0.9998483242015227
1,ari,0.6000000000000001,optimized,50,5,1.0182237116774009,0.8092536000939896,0.6711205372923295,0.711003179087231
1,ari,0.6000000000000001,optimized,50,10,1.0182237116774009,0.8092536000939896,0.6323132858657778,0.8774675704770304
1,ari,0.6000000000000001,optimized,50,15,1.0182237116774009,0.8092536000939896,0.6103150825844358,0.944115370465412
1,ari,0.6000000000000001,optimized,50,20,1.0182237116774009,0.8092536000939896,0.5979939711851402,0.9750125168531633
1,ari,0.6000000000000001,optimized,50,25,1.0182237116774009,0.8092536000939896,0.5901481962306927,0.9880827241568169
1,ari,0.6000000000000001,optimized,50,30,1.0182237116774009,0.8092536000939896,0.5859678137455602,0.9944291327788731
1,ari,0.6000000000000001,optimized,50,35,1.0182237116774009,0.8092536000939896,0.5840431180424794,0.9971422271708135
1,ari,0.6000000000000001,optimized,50,40,1.0182237116774009,0.8092536000939896,0.5832148026176914,0.9987726648878151
1,ari,0.6000000000000001,optimized,50,45,1.0182237116774009,0.8092536000939896,0.5829826284142786,0.9997144066947068
1,ari,0.6000000000000001,optimized,50,50,1.0182237116774009,0.8092536000939896,0.5826512733817983,0.9998573186609357
1,ari,1.0,baseline,50,5,1.028950444898354,0.8160297519521623,0.6726051608342171,0.7120692828286234
1,ari,1.0,baseline,50,10,1.028950444898354,0.8160297519521623,0.6309347068625966,0.8747966331399079
1,ari,1.0,baseline,50,15,1.028950444898354,0.8160297519521623,0.6091839408382356,0.9424875436538299
1,ari,1.0,baseline,50,20,1.028950444898354,0.8160297519521623,0.5971456148754902,0.9737310454835445
1,ari,1.0,baseline,50,25,1.028950444898354,0.8160297519521623,0.5899785249687626,0.9879715329185216
1,ari,1.0,baseline,50,30,1.028950444898354,0.8160297519521623,0.5860031619251289,0.9945879130647369
1,ari,1.0,baseline,50,35,1.028950444898354,0.8160297519521623,0.5840431180424794,0.9971265814117755
1,ari,1.0,baseline,50,40,1.028950444898354,0.8160297519521623,0.5832148026176914,0.9987587826829507
1,ari,1.0,baseline,50,45,1.028950444898354,0.8160297519521623,0.5829826284142786,0.9997144066947068
1,ari,1.0,baseline,50,50,1.028950444898354,0.8160297519521623,0.5826512733817983,0.9998483242015227
1,ari,0.65,optimized,60,5,1.0188692664472245,0.8100754384079899,0.6723930717568044,0.7118235874575802
1,ari,0.65,optimized,60,10,1.0188692664472245,0.8100754384079899,0.6335858203302529,0.8785998948684655
1,ari,0.65,optimized,60,15,1.0188692664472245,0.8100754384079899,0.6101736898661607,0.944027570397533
1,ari,0.65,optimized,60,20,1.0188692664472245,0.8100754384079899,0.5975697930303152,0.9743038921370323
1,ari,0.65,optimized,60,25,1.0188692664472245,0.8100754384079899,0.5901906140461752,0.9881569338153543
1,ari,0.65,optimized,60,30,1.0188692664472245,0.8100754384079899,0.5859324655659914,0.9944304284513272
1,ari,0.65,optimized,60,35,1.0188692664472245,0.8100754384079899,0.5841037149217401,0.9972616826867448
1,ari,0.65,optimized,60,40,1.0188692664472245,0.8100754384079899,0.583241313752368,0.9988106414942256
1,ari,0.65,optimized,60,45,1.0188692664472245,0.8100754384079899,0.5829826284142786,0.9997144066947068
1,ari,0.65,optimized,60,50,1.0188692664472245,0.8100754384079899,0.5826300644740571,0.9998193420545253
1,ari,1.0,baseline,60,5,1.0284064440755472,0.8159628468551935,0.6730293389890422,0.7122655578493433
1,ari,1.0,baseline,60,10,1.0284064440755472,0.8159628468551935,0.6305105287077717,0.8743385683915391
1,ari,1.0,baseline,60,15,1.0284064440755472,0.8159628468551935,0.6093253335565106,0.9426137655043446
1,ari,1.0,baseline,60,20,1.0284064440755472,0.8159628468551935,0.5971456148754902,0.9737396857804805
1,ari,1.0,baseline,60,25,1.0284064440755472,0.8159628468551935,0.5899361071532802,0.9879043946603041
1,ari,1.0,baseline,60,30,1.0284064440755472,0.8159628468551935,0.5860031619251289,0.9945879130647369
1,ari,1.0,baseline,60,35,1.0284064440755472,0.8159628468551935,0.5840734164821096,0.9971673711001423
1,ari,1.0,baseline,60,40,1.0284064440755472,0.8159628468551935,0.5832148026176914,0.9987587826829507
1,ari,1.0,baseline,60,45,1.0284064440755472,0.8159628468551935,0.5829826284142786,0.9997144066947068
1,ari,1.0,baseline,60,50,1.0284064440755472,0.8159628468551935,0.5826512733817983,0.9998483242015227
1,ari,0.65,optimized,70,5,1.0185055277623967,0.8099051519143554,0.6745139625309295,0.7134412327800667
1,ari,0.65,optimized,70,10,1.0185055277623967,0.8099051519143554,0.6331616421754279,0.8781263022809833
1,ari,0.65,optimized,70,15,1.0185055277623967,0.8099051519143554,0.6097495117113356,0.9431996707431972
1,ari,0.65,optimized,70,20,1.0185055277623967,0.8099051519143554,0.5975697930303152,0.974274166918355
1,ari,0.65,optimized,70,25,1.0185055277623967,0.8099051519143554,0.5901906140461752,0.98814305161049
1,ari,0.65,optimized,70,30,1.0185055277623967,0.8099051519143554,0.5859324655659914,0.9944072205251874
1,ari,0.65,optimized,70,35,1.0185055277623967,0.8099051519143554,0.5841037149217401,0.9972616826867448
1,ari,0.65,optimized,70,40,1.0185055277623967,0.8099051519143554,0.583241313752368,0.9988106414942256
1,ari,0.65,optimized,70,45,1.0185055277623967,0.8099051519143554,0.5829826284142786,0.9997144066947068
1,ari,0.65,optimized,70,50,1.0185055277623967,0.8099051519143554,0.5826300644740571,0.9998193420545253
1,ari,1.0,baseline,70,5,1.027961202934959,0.8157060926934017,0.6730293389890422,0.7121326369063032
1,ari,1.0,baseline,70,10,1.027961202934959,0.8157060926934017,0.6310407514013028,0.8748786955773408
1,ari,1.0,baseline,70,15,1.027961202934959,0.8157060926934017,0.6093960299156482,0.9427945588975192
1,ari,1.0,baseline,70,20,1.027961202934959,0.8157060926934017,0.5970925926061371,0.9737012610630096
1,ari,1.0,baseline,70,25,1.027961202934959,0.8157060926934017,0.5899785249687627,0.9879467531828389
1,ari,1.0,baseline,70,30,1.027961202934959,0.8157060926934017,0.5859678137455602,0.994494526146634
1,ari,1.0,baseline,70,35,1.027961202934959,0.8157060926934017,0.5840734164821096,0.9971673711001423
1,ari,1.0,baseline,70,40,1.027961202934959,0.8157060926934017,0.5832148026176914,0.9987587826829507
1,ari,1.0,baseline,70,45,1.027961202934959,0.8157060926934017,0.5829826284142786,0.9997144066947068
1,ari,1.0,baseline,70,50,1.027961202934959,0.8157060926934017,0.5826512733817983,0.9998483242015227
1,ari,0.7000000000000001,optimized,80,5,1.019301909087462,0.8104313818805152,0.6736656062212796,0.7128381617199472
1,ari,0.7000000000000001,optimized,80,10,1.019301909087462,0.8104313818805152,0.6326314194818967,0.8776960765129025
1,ari,0.7000000000000001,optimized,80,15,1.019301909087462,0.8104313818805152,0.6095374226339231,0.9429663834607954
1,ari,0.7000000000000001,optimized,80,20,1.019301909087462,0.8104313818805152,0.5975697930303152,0.9743503194951556
1,ari,0.7000000000000001,optimized,80,25,1.019301909087462,0.8104313818805152,0.5901057784152103,0.9879474663523033
1,ari,0.7000000000000001,optimized,80,30,1.019301909087462,0.8104313818805152,0.5859324655659914,0.9944399979533393
1,ari,0.7000000000000001,optimized,80,35,1.019301909087462,0.8104313818805152,0.5840734164821098,0.99721932416421
1,ari,0.7000000000000001,optimized,80,40,1.019301909087462,0.8104313818805152,0.583241313752368,0.9988106414942256
1,ari,0.7000000000000001,optimized,80,45,1.019301909087462,0.8104313818805152,0.5829826284142786,0.9997144066947068
1,ari,0.7000000000000001,optimized,80,50,1.019301909087462,0.8104313818805152,0.5826300644740571,0.9998193420545253
1,ari,1.0,baseline,80,5,1.0276778821599384,0.8155538119036759,0.671756804524567,0.7113034423676836
1,ari,1.0,baseline,80,10,1.0276778821599384,0.8155538119036759,0.6313588850174217,0.8750691584213408
1,ari,1.0,baseline,80,15,1.0276778821599384,0.8155538119036759,0.6095374226339232,0.9428011011129358
1,ari,1.0,baseline,80,20,1.0276778821599384,0.8155538119036759,0.5970925926061371,0.9737227153796182
1,ari,1.0,baseline,80,25,1.0276778821599384,0.8155538119036759,0.5899785249687626,0.9879377336839051
1,ari,1.0,baseline,80,30,1.0276778821599384,0.8155538119036759,0.5859324655659914,0.9944655439996365
1,ari,1.0,baseline,80,35,1.0276778821599384,0.8155538119036759,0.5841037149217401,0.9972460369277067
1,ari,1.0,baseline,80,40,1.0276778821599384,0.8155538119036759,0.583241313752368,0.9987967592893612
1,ari,1.0,baseline,80,45,1.0276778821599384,0.8155538119036759,0.5829826284142786,0.9997144066947068
1,ari,1.0,baseline,80,50,1.0276778821599384,0.8155538119036759,0.5826512733817983,0.9998483242015227
1,ari,0.7000000000000001,optimized,90,5,1.0192249855908735,0.8104016019415735,0.6726051608342171,0.7124062311717301
1,ari,0.7000000000000001,optimized,90,10,1.0192249855908735,0.8104016019415735,0.6334797757915468,0.878415119557686
1,ari,0.7000000000000001,optimized,90,15,1.0192249855908735,0.8104016019415735,0.6093960299156482,0.942800476496981
1,ari,0.7000000000000001,optimized,90,20,1.0192249855908735,0.8104016019415735,0.5975697930303152,0.9743296179615859
1,ari,0.7000000000000001,optimized,90,25,1.0192249855908735,0.8104016019415735,0.5901057784152102,0.9879336998324795
1,ari,0.7000000000000001,optimized,90,30,1.0192249855908735,0.8104016019415735,0.5859678137455602,0.9944840508167754
1,ari,0.7000000000000001,optimized,90,35,1.0192249855908735,0.8104016019415735,0.5840734164821098,0.99721932416421
1,ari,0.7000000000000001,optimized,90,40,1.0192249855908735,0.8104016019415735,0.583241313752368,0.9988106414942256
1,ari,0.7000000000000001,optimized,90,45,1.0192249855908735,0.8104016019415735,0.5829826284142786,0.9997144066947068
1,ari,0.7000000000000001,optimized,90,50,1.0192249855908735,0.8104016019415735,0.5826300644740571,0.9998193420545253
1,ari,1.0,baseline,90,5,1.0275484972044813,0.8154842676505477,0.6723930717568044,0.7118577022507853
1,ari,1.0,baseline,90,10,1.0275484972044813,0.8154842676505477,0.6314649295561278,0.8753264645431843
1,ari,1.0,baseline,90,15,1.0275484972044813,0.8154842676505477,0.6094667262747856,0.9427439171075139
1,ari,1.0,baseline,90,20,1.0275484972044813,0.8154842676505477,0.5970925926061371,0.9736951818262849
1,ari,1.0,baseline,90,25,1.0275484972044813,0.8154842676505477,0.5899785249687626,0.9879377336839051
1,ari,1.0,baseline,90,30,1.0275484972044813,0.8154842676505477,0.5859324655659914,0.9944655439996365
1,ari,1.0,baseline,90,35,1.0275484972044813,0.8154842676505477,0.5840734164821098,0.9972036784051722
1,ari,1.0,baseline,90,40,1.0275484972044813,0.8154842676505477,0.5832148026176914,0.9987587826829507
1,ari,1.0,baseline,90,45,1.0275484972044813,0.8154842676505477,0.5829826284142786,0.9997144066947068
1,ari,1.0,baseline,90,50,1.0275484972044813,0.8154842676505477,0.5826512733817983,0.9998483242015227
1,ari,0.7000000000000001,optimized,100,5,1.019120172770477,0.8103444785934031,0.6732414280664545,0.7127594958923829
1,ari,0.7000000000000001,optimized,100,10,1.019120172770477,0.8103444785934031,0.6331616421754279,0.8781837237688273
1,ari,0.7000000000000001,optimized,100,15,1.019120172770477,0.8103444785934031,0.6095374226339231,0.9428883290593973
1,ari,0.7000000000000001,optimized,100,20,1.019120172770477,0.8103444785934031,0.5976758375690215,0.974452365878281
1,ari,0.7000000000000001,optimized,100,25,1.019120172770477,0.8103444785934031,0.5901481962306927,0.9880086508848533
1,ari,0.7000000000000001,optimized,100,30,1.019120172770477,0.8103444785934031,0.5859324655659914,0.9944399979533393
1,ari,0.7000000000000001,optimized,100,35,1.019120172770477,0.8103444785934031,0.5840734164821098,0.99721932416421
1,ari,0.7000000000000001,optimized,100,40,1.019120172770477,0.8103444785934031,0.583241313752368,0.9988106414942256
1,ari,0.7000000000000001,optimized,100,45,1.019120172770477,0.8103444785934031,0.5829826284142786,0.9997144066947068
1,ari,0.7000000000000001,optimized,100,50,1.019120172770477,0.8103444785934031,0.5826300644740571,0.9998193420545253
1,ari,1.0,baseline,100,5,1.0274163323582557,0.8153898720410492,0.6719688936019794,0.7109805385432251
1,ari,1.0,baseline,100,10,1.0274163323582557,0.8153898720410492,0.6315709740948341,0.8754389808203483
1,ari,1.0,baseline,100,15,1.0274163323582557,0.8153898720410492,0.6095374226339231,0.9427600536875271
1,ari,1.0,baseline,100,20,1.0274163323582557,0.8153898720410492,0.5969865480674309,0.9735948717008136
1,ari,1.0,baseline,100,25,1.0274163323582557,0.8153898720410492,0.5899785249687626,0.9879377336839051
1,ari,1.0,baseline,100,30,1.0274163323582557,0.8153898720410492,0.5859324655659914,0.9944655439996365
1,ari,1.0,baseline,100,35,1.0274163323582557,0.8153898720410492,0.5840431180424795,0.9971424938726219
1,ari,1.0,baseline,100,40,1.0274163323582557,0.8153898720410492,0.583241313752368,0.9987967592893612
1,ari,1.0,baseline,100,45,1.0274163323582557,0.8153898720410492,0.5829826284142786,0.9997144066947068
1,ari,1.0,baseline,100,50,1.0274163323582557,0.8153898720410492,0.5826512733817983,0.9998483242015227
1,ami,0.30000000000000004,optimized,10,5,1.0515634852654905,0.8381172612611716,0.6600919052668788,0.704276050245114
1,ami,0.30000000000000004,optimized,10,10,1.0515634852654905,0.8381172612611716,0.6249962126950462,0.8698457896132024
1,ami,0.30000000000000004,optimized,10,15,1.0515634852654905,0.8381172612611716,0.607416531859798,0.9407535764096573
1,ami,0.30000000000000004,optimized,10,20,1.0515634852654905,0.8381172612611716,0.595395879986837,0.9718310999886508
1,ami,0.30000000000000004,optimized,10,25,1.0515634852654905,0.8381172612611716,0.5891301686591126,0.9868798499847868
1,ami,0.30000000000000004,optimized,10,30,1.0515634852654905,0.8381172612611716,0.5856496801294414,0.9938825264020369
1,ami,0.30000000000000004,optimized,10,35,1.0515634852654905,0.8381172612611716,0.5841037149217401,0.9972378813539678
1,ami,0.30000000000000004,optimized,10,40,1.0515634852654905,0.8381172612611716,0.5832148026176914,0.998704236296453
1,ami,0.30000000000000004,optimized,10,45,1.0515634852654905,0.8381172612611716,0.5829590629612327,0.9996296896496373
1,ami,0.30000000000000004,optimized,10,50,1.0515634852654905,0.8381172612611716,0.5826300644740571,0.9997636071564532
1,ami,1.0,baseline,10,5,1.0662362326970278,0.8475557924990992,0.6581831035701661,0.7019129112031073
1,ami,1.0,baseline,10,10,1.0662362326970278,0.8475557924990992,0.6241478563853962,0.8683002362853887
1,ami,1.0,baseline,10,15,1.0662362326970278,0.8475557924990992,0.6057198192404979,0.9383375697493072
1,ami,1.0,baseline,10,20,1.0662362326970278,0.8475557924990992,0.5947065904852463,0.9705175499660657
1,ami,1.0,baseline,10,25,1.0662362326970278,0.8475557924990992,0.5891301686591127,0.9869033685364703
1,ami,1.0,baseline,10,30,1.0662362326970278,0.8475557924990992,0.585826421027285,0.9941584872533615
1,ami,1.0,baseline,10,35,1.0662362326970278,0.8475557924990992,0.5840431180424794,0.9970690918701032
1,ami,1.0,baseline,10,40,1.0662362326970278,0.8475557924990992,0.5831087580789851,0.9984628729303912
1,ami,1.0,baseline,10,45,1.0662362326970278,0.8475557924990992,0.5829354975081869,0.999544972604568
1,ami,1.0,baseline,10,50,1.0662362326970278,0.8475557924990992,0.5826088555663158,0.9996788901113837
1,ami,0.4,optimized,20,5,1.0301906425284912,0.8199284790227214,0.6675150229763167,0.7090617412251188
1,ami,0.4,optimized,20,10,1.0301906425284912,0.8199284790227214,0.629025905165884,0.8741952554637463
1,ami,0.4,optimized,20,15,1.0301906425284912,0.8199284790227214,0.6085476736059982,0.9415230251122644
1,ami,0.4,optimized,20,20,1.0301906425284912,0.8199284790227214,0.5974107262222559,0.9742918943227709
1,ami,0.4,optimized,20,25,1.0301906425284912,0.8199284790227214,0.5901481962306927,0.9882500416324622
1,ami,0.4,optimized,20,30,1.0301906425284912,0.8199284790227214,0.5860385101046975,0.9946719180390295
1,ami,0.4,optimized,20,35,1.0301906425284912,0.8199284790227214,0.5841643118010008,0.9974189266823609
1,ami,0.4,optimized,20,40,1.0301906425284912,0.8199284790227214,0.5831617803483382,0.9985953998103168
1,ami,0.4,optimized,20,45,1.0301906425284912,0.8199284790227214,0.5829354975081869,0.9995600182814859
1,ami,0.4,optimized,20,50,1.0301906425284912,0.8199284790227214,0.5826724822895395,0.9998863008079331
1,ami,1.0,baseline,20,5,1.0421893047594974,0.8274102549210325,0.6660303994344292,0.7080479115763568
1,ami,1.0,baseline,20,10,1.0421893047594974,0.8274102549210325,0.6262687471595213,0.870964607322327
1,ami,1.0,baseline,20,15,1.0421893047594974,0.8274102549210325,0.6073458355006605,0.9400386628256543
1,ami,1.0,baseline,20,20,1.0421893047594974,0.8274102549210325,0.5966153921819589,0.9731004098252346
1,ami,1.0,baseline,20,25,1.0421893047594974,0.8274102549210325,0.5898088537068328,0.9878482063743101
1,ami,1.0,baseline,20,30,1.0421893047594974,0.8274102549210325,0.5860738582842663,0.9946367742776245
1,ami,1.0,baseline,20,35,1.0421893047594974,0.8274102549210325,0.5840431180424795,0.9970996445291117
1,ami,1.0,baseline,20,40,1.0421893047594974,0.8274102549210325,0.5832148026176914,0.9987428982370002
1,ami,1.0,baseline,20,45,1.0421893047594974,0.8274102549210325,0.5829590629612327,0.9995829492109782
1,ami,1.0,baseline,20,50,1.0421893047594974,0.8274102549210325,0.5826512733817983,0.9998483242015227
1,ami,0.55,optimized,30,5,1.02426450656113,0.8148189474916778,0.6698480028278544,0.7103575556175273
1,ami,0.55,optimized,30,10,1.02426450656113,0.8148189474916778,0.6310407514013029,0.8757906937078456
1,ami,0.55,optimized,30,15,1.02426450656113,0.8148189474916778,0.6103857789435732,0.944244020852668
1,ami,0.55,optimized,30,20,1.02426450656113,0.8148189474916778,0.5980469934544934,0.9751477364180142
1,ami,0.55,optimized,30,25,1.02426450656113,0.8148189474916778,0.5903602853081052,0.988616633790816
1,ami,0.55,optimized,30,30,1.02426450656113,0.8148189474916778,0.5860385101046975,0.9946027957522051
1,ami,0.55,optimized,30,35,1.02426450656113,0.8148189474916778,0.5841340133613705,0.9973541595942967
1,ami,0.55,optimized,30,40,1.02426450656113,0.8148189474916778,0.5831617803483382,0.9985953998103168
1,ami,0.55,optimized,30,45,1.02426450656113,0.8148189474916778,0.582911932055141,0.9995130472156625
1,ami,0.55,optimized,30,50,1.02426450656113,0.8148189474916778,0.5826724822895395,0.9998863008079331
1,ami,1.0,baseline,30,5,1.034017950807899,0.8209491906849303,0.6698480028278543,0.7114496806468856
1,ami,1.0,baseline,30,10,1.034017950807899,0.8209491906849303,0.6289198606271776,0.8738270314069164
1,ami,1.0,baseline,30,15,1.034017950807899,0.8209491906849303,0.6091839408382356,0.9424324102737449
1,ami,1.0,baseline,30,20,1.034017950807899,0.8209491906849303,0.5972516594141964,0.9740397146276514
1,ami,1.0,baseline,30,25,1.034017950807899,0.8209491906849303,0.5901057784152103,0.9882803928697983
1,ami,1.0,baseline,30,30,1.034017950807899,0.8209491906849303,0.5860031619251289,0.9945375340108642
1,ami,1.0,baseline,30,35,1.034017950807899,0.8209491906849303,0.5841643118010008,0.997360336318535
1,ami,1.0,baseline,30,40,1.034017950807899,0.8209491906849303,0.5832148026176914,0.9987428982370002
1,ami,1.0,baseline,30,45,1.034017950807899,0.8209491906849303,0.5829354975081869,0.999544972604568
1,ami,1.0,baseline,30,50,1.034017950807899,0.8209491906849303,0.5826724822895395,0.9998863008079331
1,ami,0.65,optimized,40,5,1.0219795401954614,0.8129304421529595,0.6736656062212796,0.7142423301273734
1,ami,0.65,optimized,40,10,1.0219795401954614,0.8129304421529595,0.6319951522496591,0.8771405071732642
1,ami,0.65,optimized,40,15,1.0219795401954614,0.8129304421529595,0.6102443862252982,0.9440919274737025
1,ami,0.65,optimized,40,20,1.0219795401954614,0.8129304421529595,0.5976758375690215,0.9747110095474755
1,ami,0.65,optimized,40,25,1.0219795401954614,0.8129304421529595,0.5902330318616577,0.9884680864864317
1,ami,0.65,optimized,40,30,1.0219795401954614,0.8129304421529595,0.5859678137455602,0.9944700167382169
1,ami,0.65,optimized,40,35,1.0219795401954614,0.8129304421529595,0.5841037149217402,0.9972160035750834
1,ami,0.65,optimized,40,40,1.0219795401954614,0.8129304421529595,0.5832148026176914,0.9987428982370002
1,ami,0.65,optimized,40,45,1.0219795401954614,0.8129304421529595,0.5829590629612327,0.9996296896496373
1,ami,0.65,optimized,40,50,1.0219795401954614,0.8129304421529595,0.5826724822895395,0.9998863008079331
1,ami,1.0,baseline,40,5,1.030113909597684,0.8180644750031228,0.6711205372923295,0.71237060129921
1,ami,1.0,baseline,40,10,1.030113909597684,0.8180644750031228,0.6301923950916527,0.874926249152255
1,ami,1.0,baseline,40,15,1.030113909597684,0.8180644750031228,0.6093960299156482,0.9426039553090739
1,ami,1.0,baseline,40,20,1.030113909597684,0.8180644750031228,0.5972516594141964,0.9740004920431081
1,ami,1.0,baseline,40,25,1.030113909597684,0.8180644750031228,0.5901906140461752,0.9885076341174777
1,ami,1.0,baseline,40,30,1.030113909597684,0.8180644750031228,0.5860385101046975,0.9946195846417365
1,ami,1.0,baseline,40,35,1.030113909597684,0.8180644750031228,0.5841037149217402,0.9972611751795745
1,ami,1.0,baseline,40,40,1.030113909597684,0.8180644750031228,0.5832148026176914,0.9987428982370002
1,ami,1.0,baseline,40,45,1.030113909597684,0.8180644750031228,0.5829354975081869,0.999544972604568
1,ami,1.0,baseline,40,50,1.030113909597684,0.8180644750031228,0.5826724822895395,0.9998863008079331
1,ami,0.7000000000000001,optimized,50,5,1.0216298120103395,0.8127367580566576,0.6740897843761046,0.7142320715282555
1,ami,0.7000000000000001,optimized,50,10,1.0216298120103395,0.8127367580566576,0.6311467959400091,0.876251992929052
1,ami,0.7000000000000001,optimized,50,15,1.0216298120103395,0.8127367580566576,0.6103857789435732,0.9440372073046477
1,ami,0.7000000000000001,optimized,50,20,1.0216298120103395,0.8127367580566576,0.5979939711851402,0.9751261458098196
1,ami,0.7000000000000001,optimized,50,25,1.0216298120103395,0.8127367580566576,0.5902754496771402,0.9885746024716329
1,ami,0.7000000000000001,optimized,50,30,1.0216298120103395,0.8127367580566576,0.5859324655659914,0.9944276582156821
1,ami,0.7000000000000001,optimized,50,35,1.0216298120103395,0.8127367580566576,0.5841340133613705,0.9973370279251826
1,ami,0.7000000000000001,optimized,50,40,1.0216298120103395,0.8127367580566576,0.5832148026176914,0.9987428982370002
1,ami,0.7000000000000001,optimized,50,45,1.0216298120103395,0.8127367580566576,0.5829354975081869,0.999544972604568
1,ami,0.7000000000000001,optimized,50,50,1.0216298120103395,0.8127367580566576,0.5826724822895395,0.9998863008079331
1,ami,1.0,baseline,50,5,1.028634840125196,0.8170457659957799,0.6706963591375045,0.7108113328848625
1,ami,1.0,baseline,50,10,1.028634840125196,0.8170457659957799,0.629874261475534,0.8747706733344021
1,ami,1.0,baseline,50,15,1.028634840125196,0.8170457659957799,0.6098202080704732,0.9427363179380268
1,ami,1.0,baseline,50,20,1.028634840125196,0.8170457659957799,0.5972516594141964,0.9740745624563376
1,ami,1.0,baseline,50,25,1.028634840125196,0.8170457659957799,0.5901481962306927,0.9883627536557007
1,ami,1.0,baseline,50,30,1.028634840125196,0.8170457659957799,0.5859678137455602,0.9944936164864863
1,ami,1.0,baseline,50,35,1.028634840125196,0.8170457659957799,0.5841340133613705,0.9973008461268863
1,ami,1.0,baseline,50,40,1.028634840125196,0.8170457659957799,0.5832148026176914,0.9987428982370002
1,ami,1.0,baseline,50,45,1.028634840125196,0.8170457659957799,0.5829354975081869,0.999544972604568
1,ami,1.0,baseline,50,50,1.028634840125196,0.8170457659957799,0.5826724822895395,0.9998863008079331
1,ami,0.75,optimized,60,5,1.021544694398266,0.8125223847894619,0.6753623188405796,0.7156235142667202
1,ami,0.75,optimized,60,10,1.021544694398266,0.8125223847894619,0.6309347068625966,0.8757234396670391
1,ami,0.75,optimized,60,15,1.021544694398266,0.8125223847894619,0.6101736898661607,0.9434075745021234
1,ami,0.75,optimized,60,20,1.021544694398266,0.8125223847894619,0.5977288598383745,0.9748879333283207
1,ami,0.75,optimized,60,25,1.021544694398266,0.8125223847894619,0.5901057784152103,0.9883340645982887
1,ami,0.75,optimized,60,30,1.021544694398266,0.8125223847894619,0.5858971173864227,0.9943265205165048
1,ami,0.75,optimized,60,35,1.021544694398266,0.8125223847894619,0.5841037149217402,0.9972436822921894
1,ami,0.75,optimized,60,40,1.021544694398266,0.8125223847894619,0.5832148026176914,0.9987428982370002
1,ami,0.75,optimized,60,45,1.021544694398266,0.8125223847894619,0.5829354975081869,0.999544972604568
1,ami,0.75,optimized,60,50,1.021544694398266,0.8125223847894619,0.5826724822895395,0.9998863008079331
1,ami,1.0,baseline,60,5,1.0275837000772792,0.8162468380699773,0.6711205372923296,0.7114856341098246
1,ami,1.0,baseline,60,10,1.0275837000772792,0.8162468380699773,0.630722617785184,0.8753272961198203
1,ami,1.0,baseline,60,15,1.0275837000772792,0.8162468380699773,0.6100322971478856,0.9432678089490957
1,ami,1.0,baseline,60,20,1.0275837000772792,0.8162468380699773,0.5971456148754902,0.9739465161051766
1,ami,1.0,baseline,60,25,1.0275837000772792,0.8162468380699773,0.5901057784152103,0.9882848590617398
1,ami,1.0,baseline,60,30,1.0275837000772792,0.8162468380699773,0.5859678137455602,0.9945026109458992
1,ami,1.0,baseline,60,35,1.0275837000772792,0.8162468380699773,0.5841037149217402,0.9972628695204758
1,ami,1.0,baseline,60,40,1.0275837000772792,0.8162468380699773,0.5832148026176914,0.9987428982370002
1,ami,1.0,baseline,60,45,1.0275837000772792,0.8162468380699773,0.5829354975081869,0.999544972604568
1,ami,1.0,baseline,60,50,1.0275837000772792,0.8162468380699773,0.5826724822895395,0.9998863008079331
1,ami,0.8000000000000003,optimized,70,5,1.0220475716534274,0.8128628929080681,0.6755744079179922,0.7158908656344438
1,ami,0.8000000000000003,optimized,70,10,1.0220475716534274,0.8128628929080681,0.6310407514013027,0.8755013505900496
1,ami,0.8000000000000003,optimized,70,15,1.0220475716534274,0.8128628929080681,0.6106685643801232,0.9442716224743922
1,ami,0.8000000000000003,optimized,70,20,1.0220475716534274,0.8128628929080681,0.5976228152996684,0.9746690171059063
1,ami,0.8000000000000003,optimized,70,25,1.0220475716534274,0.8128628929080681,0.5900209427842452,0.9882030875024019
1,ami,0.8000000000000003,optimized,70,30,1.0220475716534274,0.8128628929080681,0.5858971173864227,0.9943174120498944
1,ami,0.8000000000000003,optimized,70,35,1.0220475716534274,0.8128628929080681,0.5841946102406311,0.9974087595057247
1,ami,0.8000000000000003,optimized,70,40,1.0220475716534274,0.8128628929080681,0.5832148026176914,0.9987428982370002
1,ami,0.8000000000000003,optimized,70,45,1.0220475716534274,0.8128628929080681,0.5829354975081869,0.999544972604568
1,ami,0.8000000000000003,optimized,70,50,1.0220475716534274,0.8128628929080681,0.5826724822895395,0.9998863008079331
1,ami,1.0,baseline,70,5,1.027032825259933,0.8159233249397758,0.6738776952986921,0.7136321018124597
1,ami,1.0,baseline,70,10,1.027032825259933,0.8159233249397758,0.6299803060142403,0.8744867371139908
1,ami,1.0,baseline,70,15,1.027032825259933,0.8159233249397758,0.6101736898661607,0.9434732200204933
1,ami,1.0,baseline,70,20,1.027032825259933,0.8159233249397758,0.5972516594141963,0.9741167475322103
1,ami,1.0,baseline,70,25,1.027032825259933,0.8159233249397758,0.5900633605997277,0.9882297929824447
1,ami,1.0,baseline,70,30,1.027032825259933,0.8159233249397758,0.5859678137455602,0.9945026109458992
1,ami,1.0,baseline,70,35,1.027032825259933,0.8159233249397758,0.5841946102406312,0.9974218704769856
1,ami,1.0,baseline,70,40,1.027032825259933,0.8159233249397758,0.5832148026176914,0.9987428982370002
1,ami,1.0,baseline,70,45,1.027032825259933,0.8159233249397758,0.5829354975081869,0.999544972604568
1,ami,1.0,baseline,70,50,1.027032825259933,0.8159233249397758,0.5826724822895395,0.9998863008079331
1,ami,0.8000000000000003,optimized,80,5,1.0219462259677654,0.8128829995295989,0.6743018734535171,0.7156178308683185
1,ami,0.8000000000000003,optimized,80,10,1.0219462259677654,0.8128829995295989,0.6311467959400091,0.8760685115779663
1,ami,0.8000000000000003,optimized,80,15,1.0219462259677654,0.8128829995295989,0.6102443862252982,0.9437538059290222
1,ami,0.8000000000000003,optimized,80,20,1.0219462259677654,0.8128829995295989,0.5976228152996684,0.9746787346493112
1,ami,0.8000000000000003,optimized,80,25,1.0219462259677654,0.8128829995295989,0.5901057784152103,0.9883428052457959
1,ami,0.8000000000000003,optimized,80,30,1.0219462259677654,0.8128829995295989,0.5859324655659914,0.9943463941968919
1,ami,0.8000000000000003,optimized,80,35,1.0219462259677654,0.8128829995295989,0.5841643118010008,0.9973664009831902
1,ami,0.8000000000000003,optimized,80,40,1.0219462259677654,0.8128829995295989,0.5832148026176914,0.9987428982370002
1,ami,0.8000000000000003,optimized,80,45,1.0219462259677654,0.8128829995295989,0.5829354975081869,0.999544972604568
1,ami,0.8000000000000003,optimized,80,50,1.0219462259677654,0.8128829995295989,0.5826724822895395,0.9998863008079331
1,ami,1.0,baseline,80,5,1.0268618769743267,0.81590069828985,0.6736656062212796,0.7132943631927827
1,ami,1.0,baseline,80,10,1.0268618769743267,0.81590069828985,0.6305105287077716,0.8752938084478926
1,ami,1.0,baseline,80,15,1.0268618769743267,0.81590069828985,0.6101736898661607,0.9434209681916359
1,ami,1.0,baseline,80,20,1.0268618769743267,0.81590069828985,0.5973046816835496,0.9740946506111349
1,ami,1.0,baseline,80,25,1.0268618769743267,0.81590069828985,0.5900209427842453,0.9881918163760343
1,ami,1.0,baseline,80,30,1.0268618769743267,0.81590069828985,0.5859678137455602,0.9944627604937778
1,ami,1.0,baseline,80,35,1.0268618769743267,0.81590069828985,0.5841643118010008,0.9973838938705751
1,ami,1.0,baseline,80,40,1.0268618769743267,0.81590069828985,0.5832148026176914,0.9987428982370002
1,ami,1.0,baseline,80,45,1.0268618769743267,0.81590069828985,0.5829590629612327,0.9995829492109782
1,ami,1.0,baseline,80,50,1.0268618769743267,0.81590069828985,0.5826724822895395,0.9998863008079331
1,ami,0.8000000000000003,optimized,90,5,1.0217652213152502,0.8127217674391637,0.6747260516083422,0.7158096544632259
1,ami,0.8000000000000003,optimized,90,10,1.0217652213152502,0.8127217674391637,0.6311467959400091,0.8760227327512533
1,ami,0.8000000000000003,optimized,90,15,1.0217652213152502,0.8127217674391637,0.6103857789435733,0.9439500731957741
1,ami,0.8000000000000003,optimized,90,20,1.0217652213152502,0.8127217674391637,0.5977288598383745,0.9747985843513066
1,ami,0.8000000000000003,optimized,90,25,1.0217652213152502,0.8127217674391637,0.5899785249687627,0.9881506436173589
1,ami,0.8000000000000003,optimized,90,30,1.0217652213152502,0.8127217674391637,0.5859678137455602,0.9944972155766362
1,ami,0.8000000000000003,optimized,90,35,1.0217652213152502,0.8127217674391637,0.5841643118010008,0.9973664009831902
1,ami,0.8000000000000003,optimized,90,40,1.0217652213152502,0.8127217674391637,0.5832148026176914,0.9987428982370002
1,ami,0.8000000000000003,optimized,90,45,1.0217652213152502,0.8127217674391637,0.5829354975081869,0.999544972604568
1,ami,0.8000000000000003,optimized,90,50,1.0217652213152502,0.8127217674391637,0.5826724822895395,0.9998863008079331
1,ami,1.0,baseline,90,5,1.0266534782979064,0.8157282066406257,0.673453517143867,0.7130832563847596
1,ami,1.0,baseline,90,10,1.0266534782979064,0.8157282066406257,0.6301923950916528,0.8750467674932526
1,ami,1.0,baseline,90,15,1.0266534782979064,0.8157282066406257,0.6103857789435732,0.94364913468697
1,ami,1.0,baseline,90,20,1.0266534782979064,0.8157282066406257,0.5973046816835496,0.9741085620416937
1,ami,1.0,baseline,90,25,1.0266534782979064,0.8157282066406257,0.5900209427842453,0.9881918163760343
1,ami,1.0,baseline,90,30,1.0266534782979064,0.8157282066406257,0.5859678137455602,0.9945034497149317
1,ami,1.0,baseline,90,35,1.0266534782979064,0.8157282066406257,0.5841946102406312,0.9974625596981397
1,ami,1.0,baseline,90,40,1.0266534782979064,0.8157282066406257,0.5832148026176914,0.9987428982370002
1,ami,1.0,baseline,90,45,1.0266534782979064,0.8157282066406257,0.5829590629612327,0.9995829492109782
1,ami,1.0,baseline,90,50,1.0266534782979064,0.8157282066406257,0.5826724822895395,0.9998863008079331
1,ami,0.8000000000000003,optimized,100,5,1.0217140374930043,0.8127313865750778,0.6747260516083422,0.7161803607486769
1,ami,0.8000000000000003,optimized,100,10,1.0217140374930043,0.8127313865750778,0.6306165732464778,0.8756926940092231
1,ami,0.8000000000000003,optimized,100,15,1.0217140374930043,0.8127313865750778,0.6104564753027107,0.9439878667647524
1,ami,0.8000000000000003,optimized,100,20,1.0217140374930043,0.8127313865750778,0.5975697930303152,0.9745939503684917
1,ami,0.8000000000000003,optimized,100,25,1.0217140374930043,0.8127313865750778,0.5899785249687627,0.9881506436173589
1,ami,0.8000000000000003,optimized,100,30,1.0217140374930043,0.8127313865750778,0.5859678137455602,0.9944972155766362
1,ami,0.8000000000000003,optimized,100,35,1.0217140374930043,0.8127313865750778,0.5841643118010008,0.9973664009831902
1,ami,0.8000000000000003,optimized,100,40,1.0217140374930043,0.8127313865750778,0.5832148026176914,0.9987428982370002
1,ami,0.8000000000000003,optimized,100,45,1.0217140374930043,0.8127313865750778,0.5829354975081869,0.999544972604568
1,ami,0.8000000000000003,optimized,100,50,1.0217140374930043,0.8127313865750778,0.5826724822895395,0.9998863008079331
1,ami,1.0,baseline,100,5,1.0265620077587676,0.8156978244486686,0.6740897843761047,0.7139174839535687
1,ami,1.0,baseline,100,10,1.0265620077587676,0.8156978244486686,0.6300863505529465,0.8748634324117897
1,ami,1.0,baseline,100,15,1.0265620077587676,0.8156978244486686,0.6103857789435733,0.9437155492922786
1,ami,1.0,baseline,100,20,1.0265620077587676,0.8156978244486686,0.5973046816835497,0.9741202988148971
1,ami,1.0,baseline,100,25,1.0265620077587676,0.8156978244486686,0.5899361071532802,0.9880376313540077
1,ami,1.0,baseline,100,30,1.0265620077587676,0.8156978244486686,0.5859678137455602,0.9945034497149317
1,ami,1.0,baseline,100,35,1.0265620077587676,0.8156978244486686,0.5841946102406312,0.9974625596981397
1,ami,1.0,baseline,100,40,1.0265620077587676,0.8156978244486686,0.5832148026176914,0.9987428982370002
1,ami,1.0,baseline,100,45,1.0265620077587676,0.8156978244486686,0.5829590629612327,0.9995829492109782
1,ami,1.0,baseline,100,50,1.0265620077587676,0.8156978244486686,0.5826724822895395,0.9998863008079331
1,chebyshev,4.5,optimized,10,5,1.0537854959220725,0.834267616915613,0.6562743018734535,0.6986416428917247
1,chebyshev,4.5,optimized,10,10,1.0537854959220725,0.834267616915613,0.6270110589304652,0.8709169434481131
1,chebyshev,4.5,optimized,10,15,1.0537854959220725,0.834267616915613,0.606143997395323,0.9381552938040963
1,chebyshev,4.5,optimized,10,20,1.0537854959220725,0.834267616915613,0.5965623699126058,0.9732229564509142
1,chebyshev,4.5,optimized,10,25,1.0537854959220725,0.834267616915613,0.5892150042900777,0.9869001935157132
1,chebyshev,4.5,optimized,10,30,1.0537854959220725,0.834267616915613,0.5854375910520289,0.9935659444948666
1,chebyshev,4.5,optimized,10,35,1.0537854959220725,0.834267616915613,0.5838613274046972,0.9967983042463968
1,chebyshev,4.5,optimized,10,40,1.0537854959220725,0.834267616915613,0.5829762024056022,0.9982057522162221
1,chebyshev,4.5,optimized,10,45,1.0537854959220725,0.834267616915613,0.5828412356960034,0.9993764170941031
1,chebyshev,4.5,optimized,10,50,1.0537854959220725,0.834267616915613,0.5826088555663158,0.9997903599075277
1,chebyshev,1.0,baseline,10,5,1.0116409860168047,0.805922385223164,0.6689996465182043,0.7117870709114401
1,chebyshev,1.0,baseline,10,10,1.0116409860168047,0.805922385223164,0.6296621723981215,0.8753369451509736
1,chebyshev,1.0,baseline,10,15,1.0116409860168047,0.805922385223164,0.6081234954511731,0.941169589967794
1,chebyshev,1.0,baseline,10,20,1.0116409860168047,0.805922385223164,0.5967744589900182,0.9735772827431645
1,chebyshev,1.0,baseline,10,25,1.0116409860168047,0.805922385223164,0.5898088537068328,0.9876896108629006
1,chebyshev,1.0,baseline,10,30,1.0116409860168047,0.805922385223164,0.585543635590735,0.993704293907093
1,chebyshev,1.0,baseline,10,35,1.0116409860168047,0.805922385223164,0.5838916258443276,0.9968953577900787
1,chebyshev,1.0,baseline,10,40,1.0116409860168047,0.805922385223164,0.583055735809632,0.9983639394432199
1,chebyshev,1.0,baseline,10,45,1.0116409860168047,0.805922385223164,0.5828412356960034,0.9993764170941031
1,chebyshev,1.0,baseline,10,50,1.0116409860168047,0.805922385223164,0.5826088555663158,0.9997406762269606
1,chebyshev,6.0,optimized,20,5,1.055956114669382,0.8323598798080329,0.6590314598798163,0.701479000363929
1,chebyshev,6.0,optimized,20,10,1.055956114669382,0.8323598798080329,0.6270110589304649,0.8696754909188389
1,chebyshev,6.0,optimized,20,15,1.055956114669382,0.8323598798080329,0.606426782831873,0.938429313494389
1,chebyshev,6.0,optimized,20,20,1.055956114669382,0.8323598798080329,0.5969335257980777,0.9737772659296728
1,chebyshev,6.0,optimized,20,25,1.055956114669382,0.8323598798080329,0.5896816002603851,0.9875305277153734
1,chebyshev,6.0,optimized,20,30,1.055956114669382,0.8323598798080329,0.5856496801294414,0.9939646489077765
1,chebyshev,6.0,optimized,20,35,1.055956114669382,0.8323598798080329,0.583921924283958,0.9969600625486488
1,chebyshev,6.0,optimized,20,40,1.055956114669382,0.8323598798080329,0.5831087580789851,0.9985589920380742
1,chebyshev,6.0,optimized,20,45,1.055956114669382,0.8323598798080329,0.5828883666020952,0.9995397999667369
1,chebyshev,6.0,optimized,20,50,1.055956114669382,0.8323598798080329,0.5825876466585745,0.9997116940799632
1,chebyshev,1.0,baseline,20,5,0.9980439308252682,0.7954449423819201,0.6736656062212796,0.7163698022495637
1,chebyshev,1.0,baseline,20,10,0.9980439308252682,0.7954449423819201,0.6330555976367217,0.8774580347626906
1,chebyshev,1.0,baseline,20,15,0.9980439308252682,0.7954449423819201,0.6103857789435732,0.9440206632284246
1,chebyshev,1.0,baseline,20,20,0.9980439308252682,0.7954449423819201,0.5975167707609621,0.9743789263271285
1,chebyshev,1.0,baseline,20,25,0.9980439308252682,0.7954449423819201,0.5899785249687626,0.9881522208286597
1,chebyshev,1.0,baseline,20,30,0.9980439308252682,0.7954449423819201,0.5857557246681476,0.9941326509772738
1,chebyshev,1.0,baseline,20,35,0.9980439308252682,0.7954449423819201,0.5839522227235883,0.9969308311263223
1,chebyshev,1.0,baseline,20,40,0.9980439308252682,0.7954449423819201,0.5832678248870445,0.9988860426757218
1,chebyshev,1.0,baseline,20,45,0.9980439308252682,0.7954449423819201,0.5829354975081869,0.9995600182814859
1,chebyshev,1.0,baseline,20,50,0.9980439308252682,0.7954449423819201,0.5826300644740571,0.9998193420545253
1,chebyshev,7.0,optimized,30,5,1.0642797641527517,0.8363785536172175,0.6590314598798163,0.702112614452863
1,chebyshev,7.0,optimized,30,10,1.0642797641527517,0.8363785536172175,0.625314346311165,0.8679991482937625
1,chebyshev,7.0,optimized,30,15,1.0642797641527517,0.8363785536172175,0.6061439973953229,0.9382758642716812
1,chebyshev,7.0,optimized,30,20,1.0642797641527517,0.8363785536172175,0.5968274812593714,0.9727687644850349
1,chebyshev,7.0,optimized,30,25,1.0642797641527517,0.8363785536172175,0.5896391824449027,0.9874021564753153
1,chebyshev,7.0,optimized,30,30,1.0642797641527517,0.8363785536172175,0.5856143319498726,0.993779637212815
1,chebyshev,7.0,optimized,30,35,1.0642797641527517,0.8363785536172175,0.5839219242839581,0.9969016498129453
1,chebyshev,7.0,optimized,30,40,1.0642797641527517,0.8363785536172175,0.5831882914830148,0.9987323086063665
1,chebyshev,7.0,optimized,30,45,1.0642797641527517,0.8363785536172175,0.5828883666020952,0.9995397999667369
1,chebyshev,7.0,optimized,30,50,1.0642797641527517,0.8363785536172175,0.5825876466585745,0.9997116940799632
1,chebyshev,1.0,baseline,30,5,0.9954730702663037,0.7940741316516629,0.6740897843761046,0.7164534728305529
1,chebyshev,1.0,baseline,30,10,0.9954730702663037,0.7940741316516629,0.6321011967883654,0.8775309772216767
1,chebyshev,1.0,baseline,30,15,0.9954730702663037,0.7940741316516629,0.6101029935070231,0.943561196891122
1,chebyshev,1.0,baseline,30,20,0.9954730702663037,0.7940741316516629,0.5977288598383745,0.9749575150648363
1,chebyshev,1.0,baseline,30,25,0.9954730702663037,0.7940741316516629,0.5901057784152103,0.988221304642467
1,chebyshev,1.0,baseline,30,30,0.9954730702663037,0.7940741316516629,0.5861092064638351,0.9946896714187237
1,chebyshev,1.0,baseline,30,35,0.9954730702663037,0.7940741316516629,0.584012819602849,0.9971762105370191
1,chebyshev,1.0,baseline,30,40,0.9954730702663037,0.7940741316516629,0.5832678248870445,0.9989022321332154
1,chebyshev,1.0,baseline,30,45,0.9954730702663037,0.7940741316516629,0.5829354975081869,0.9996067587201449
1,chebyshev,1.0,baseline,30,50,0.9954730702663037,0.7940741316516629,0.5826512733817983,0.9998573186609357
1,chebyshev,7.5,optimized,40,5,1.0686072550620425,0.8386941698748405,0.6577589254153411,0.7010719650415216
1,chebyshev,7.5,optimized,40,10,1.0686072550620425,0.8386941698748405,0.6244659900015149,0.8667842351081314
1,chebyshev,7.5,optimized,40,15,1.0686072550620425,0.8386941698748405,0.6062146937544605,0.9384827084622013
1,chebyshev,7.5,optimized,40,20,1.0686072550620425,0.8386941698748405,0.5964563253738996,0.97214448349124
1,chebyshev,7.5,optimized,40,25,1.0686072550620425,0.8386941698748405,0.5894270933674901,0.9861232666577819
1,chebyshev,7.5,optimized,40,30,1.0686072550620425,0.8386941698748405,0.5855436355907352,0.9936660087952218
1,chebyshev,7.5,optimized,40,35,1.0686072550620425,0.8386941698748405,0.5839522227235883,0.9969863668580147
1,chebyshev,7.5,optimized,40,40,1.0686072550620425,0.8386941698748405,0.5831882914830148,0.9987323086063665
1,chebyshev,7.5,optimized,40,45,1.0686072550620425,0.8386941698748405,0.5828648011490494,0.9994974414442023
1,chebyshev,7.5,optimized,40,50,1.0686072550620425,0.8386941698748405,0.5825876466585745,0.9997116940799632
1,chebyshev,1.0,baseline,40,5,0.9967645423280832,0.7948777136326071,0.6764227642276421,0.7176798036078651
1,chebyshev,1.0,baseline,40,10,0.9967645423280832,0.7948777136326071,0.6329495530980155,0.8778812781742611
1,chebyshev,1.0,baseline,40,15,0.9967645423280832,0.7948777136326071,0.6103857789435732,0.9445609922843893
1,chebyshev,1.0,baseline,40,20,0.9967645423280832,0.7948777136326071,0.5975697930303153,0.9747321630391932
1,chebyshev,1.0,baseline,40,25,0.9967645423280832,0.7948777136326071,0.5903178674926227,0.9884447992976666
1,chebyshev,1.0,baseline,40,30,0.9967645423280832,0.7948777136326071,0.5861445546434039,0.994765472263051
1,chebyshev,1.0,baseline,40,35,0.9967645423280832,0.7948777136326071,0.584012819602849,0.9971447926552837
1,chebyshev,1.0,baseline,40,40,0.9967645423280832,0.7948777136326071,0.5832943360217212,0.9989869491782848
1,chebyshev,1.0,baseline,40,45,0.9967645423280832,0.7948777136326071,0.5829354975081869,0.9996067587201449
1,chebyshev,1.0,baseline,40,50,0.9967645423280832,0.7948777136326071,0.5826088555663158,0.9997903599075277
1,chebyshev,7.5,optimized,50,5,1.0669300096484624,0.8377766744321671,0.6607281724991162,0.7031920488246011
1,chebyshev,7.5,optimized,50,10,1.0669300096484624,0.8377766744321671,0.6242539009241024,0.8668860379104258
1,chebyshev,7.5,optimized,50,15,1.0669300096484624,0.8377766744321671,0.6062853901135979,0.938465084605824
1,chebyshev,7.5,optimized,50,20,1.0669300096484624,0.8377766744321671,0.5964033031045464,0.972096017808142
1,chebyshev,7.5,optimized,50,25,1.0669300096484624,0.8377766744321671,0.5894270933674901,0.9860503850822443
1,chebyshev,7.5,optimized,50,30,1.0669300096484624,0.8377766744321671,0.5856143319498727,0.9937832363029651
1,chebyshev,7.5,optimized,50,35,1.0669300096484624,0.8377766744321671,0.5839219242839581,0.9969016498129453
1,chebyshev,7.5,optimized,50,40,1.0669300096484624,0.8377766744321671,0.5831882914830148,0.9987323086063665
1,chebyshev,7.5,optimized,50,45,1.0669300096484624,0.8377766744321671,0.5828648011490494,0.9994974414442023
1,chebyshev,7.5,optimized,50,50,1.0669300096484624,0.8377766744321671,0.5825876466585745,0.9997116940799632
1,chebyshev,1.0,baseline,50,5,0.9980419520963089,0.7967793103308487,0.673453517143867,0.716214036118818
1,chebyshev,1.0,baseline,50,10,0.9980419520963089,0.7967793103308487,0.6340099984850781,0.8792170217176548
1,chebyshev,1.0,baseline,50,15,0.9980419520963089,0.7967793103308487,0.6103857789435733,0.9444379819268621
1,chebyshev,1.0,baseline,50,20,0.9980419520963089,0.7967793103308487,0.5974107262222559,0.9744956626123451
1,chebyshev,1.0,baseline,50,25,0.9980419520963089,0.7967793103308487,0.5904027031235878,0.9884007621119403
1,chebyshev,1.0,baseline,50,30,0.9980419520963089,0.7967793103308487,0.5859324655659914,0.9944896225601901
1,chebyshev,1.0,baseline,50,35,0.9980419520963089,0.7967793103308487,0.5840734164821098,0.9972997842426412
1,chebyshev,1.0,baseline,50,40,0.9980419520963089,0.7967793103308487,0.5832413137523679,0.99887030674431
1,chebyshev,1.0,baseline,50,45,0.9980419520963089,0.7967793103308487,0.5829590629612327,0.9996447353265554
1,chebyshev,1.0,baseline,50,50,0.9980419520963089,0.7967793103308487,0.5826512733817983,0.9998573186609357
1,chebyshev,8.0,optimized,60,5,1.073383385596934,0.841519537389236,0.657334747260516,0.7006906594743723
1,chebyshev,8.0,optimized,60,10,1.073383385596934,0.841519537389236,0.6236176336918647,0.8659760827163295
1,chebyshev,8.0,optimized,60,15,1.073383385596934,0.841519537389236,0.6062146937544605,0.9385418352269276
1,chebyshev,8.0,optimized,60,20,1.073383385596934,0.841519537389236,0.5962442362964872,0.9718526728252932
1,chebyshev,8.0,optimized,60,25,1.073383385596934,0.841519537389236,0.5894270933674901,0.9861293178752869
1,chebyshev,8.0,optimized,60,30,1.073383385596934,0.841519537389236,0.5855789837703039,0.9937659361906034
1,chebyshev,8.0,optimized,60,35,1.073383385596934,0.841519537389236,0.5839825211632187,0.997072092439335
1,chebyshev,8.0,optimized,60,40,1.073383385596934,0.841519537389236,0.5831882914830148,0.9987323086063665
1,chebyshev,8.0,optimized,60,45,1.073383385596934,0.841519537389236,0.5828648011490494,0.9994974414442023
1,chebyshev,8.0,optimized,60,50,1.073383385596934,0.841519537389236,0.5825876466585745,0.9997116940799632
1,chebyshev,1.0,baseline,60,5,0.9994111176712376,0.7979884461338155,0.6759985860728173,0.7168123010512147
1,chebyshev,1.0,baseline,60,10,0.9994111176712376,0.7979884461338155,0.6335858203302529,0.878470079817012
1,chebyshev,1.0,baseline,60,15,0.9994111176712376,0.7979884461338155,0.6103857789435732,0.9445015107216123
1,chebyshev,1.0,baseline,60,20,0.9994111176712376,0.7979884461338155,0.5974107262222559,0.9744161858209609
1,chebyshev,1.0,baseline,60,25,0.9994111176712376,0.7979884461338155,0.5902754496771402,0.9883750597826454
1,chebyshev,1.0,baseline,60,30,0.9994111176712376,0.7979884461338155,0.5859324655659914,0.9944792702322037
1,chebyshev,1.0,baseline,60,35,0.9994111176712376,0.7979884461338155,0.5840734164821098,0.9972651712785129
1,chebyshev,1.0,baseline,60,40,0.9994111176712376,0.7979884461338155,0.5832943360217212,0.9989869491782848
1,chebyshev,1.0,baseline,60,45,0.9994111176712376,0.7979884461338155,0.5829590629612327,0.9996447353265554
1,chebyshev,1.0,baseline,60,50,0.9994111176712376,0.7979884461338155,0.5826512733817983,0.9998573186609357
1,chebyshev,8.0,optimized,70,5,1.0727330410006315,0.8410141041310825,0.6588193708024037,0.7015530038113862
1,chebyshev,8.0,optimized,70,10,1.0727330410006315,0.8410141041310825,0.6235115891531585,0.865678914148236
1,chebyshev,8.0,optimized,70,15,1.0727330410006315,0.8410141041310825,0.6063560864727355,0.9387192072703918
1,chebyshev,8.0,optimized,70,20,1.0727330410006315,0.8410141041310825,0.5962972585658401,0.9719625980138731
1,chebyshev,8.0,optimized,70,25,1.0727330410006315,0.8410141041310825,0.5894695111829725,0.986194101497987
1,chebyshev,8.0,optimized,70,30,1.0727330410006315,0.8410141041310825,0.5855436355907352,0.993687270363039
1,chebyshev,8.0,optimized,70,35,1.0727330410006315,0.8410141041310825,0.5839825211632187,0.997072092439335
1,chebyshev,8.0,optimized,70,40,1.0727330410006315,0.8410141041310825,0.5831882914830148,0.9987323086063665
1,chebyshev,8.0,optimized,70,45,1.0727330410006315,0.8410141041310825,0.5828648011490494,0.9994974414442023
1,chebyshev,8.0,optimized,70,50,1.0727330410006315,0.8410141041310825,0.5825876466585745,0.9997116940799632
1,chebyshev,1.0,baseline,70,5,1.0008720598440548,0.7994815136678715,0.6743018734535171,0.7141363614317442
1,chebyshev,1.0,baseline,70,10,1.0008720598440548,0.7994815136678715,0.6340099984850781,0.8783096236770276
1,chebyshev,1.0,baseline,70,15,1.0008720598440548,0.7994815136678715,0.6102443862252982,0.9443239235237478
1,chebyshev,1.0,baseline,70,20,1.0008720598440548,0.7994815136678715,0.5975697930303153,0.9745419435678642
1,chebyshev,1.0,baseline,70,25,1.0008720598440548,0.7994815136678715,0.5902754496771402,0.9883322862998808
1,chebyshev,1.0,baseline,70,30,1.0008720598440548,0.7994815136678715,0.5858971173864227,0.9944141860261503
1,chebyshev,1.0,baseline,70,35,1.0008720598440548,0.7994815136678715,0.5840734164821098,0.9972651712785129
1,chebyshev,1.0,baseline,70,40,1.0008720598440548,0.7994815136678715,0.5832678248870445,0.9989082833507205
1,chebyshev,1.0,baseline,70,45,1.0008720598440548,0.7994815136678715,0.5829354975081869,0.9996067587201449
1,chebyshev,1.0,baseline,70,50,1.0008720598440548,0.7994815136678715,0.5826512733817983,0.9998573186609357
1,chebyshev,8.0,optimized,80,5,1.072238950449285,0.840682945109175,0.6586072817249911,0.7015792257539079
1,chebyshev,8.0,optimized,80,10,1.072238950449285,0.840682945109175,0.6241478563853962,0.866270541683696
1,chebyshev,8.0,optimized,80,15,1.072238950449285,0.840682945109175,0.6064267828318729,0.9387529070896357
1,chebyshev,8.0,optimized,80,20,1.072238950449285,0.840682945109175,0.596244236296487,0.9719228677979315
1,chebyshev,8.0,optimized,80,25,1.072238950449285,0.840682945109175,0.5895119289984552,0.9862659479968464
1,chebyshev,8.0,optimized,80,30,1.072238950449285,0.840682945109175,0.5855436355907352,0.9937011525679033
1,chebyshev,8.0,optimized,80,35,1.072238950449285,0.840682945109175,0.5839825211632187,0.997072092439335
1,chebyshev,8.0,optimized,80,40,1.072238950449285,0.840682945109175,0.5831882914830148,0.9987323086063665
1,chebyshev,8.0,optimized,80,45,1.072238950449285,0.840682945109175,0.5828648011490494,0.9994974414442023
1,chebyshev,8.0,optimized,80,50,1.072238950449285,0.840682945109175,0.5825876466585745,0.9997116940799632
1,chebyshev,1.0,baseline,80,5,1.0019557158173815,0.8008258251122603,0.6751502297631673,0.7152663737166864
1,chebyshev,1.0,baseline,80,10,1.0019557158173815,0.8008258251122603,0.6340099984850781,0.8784468959179774
1,chebyshev,1.0,baseline,80,15,1.0019557158173815,0.8008258251122603,0.6100322971478856,0.9441261642765263
1,chebyshev,1.0,baseline,80,20,1.0019557158173815,0.8008258251122603,0.5976228152996684,0.9747149955409206
1,chebyshev,1.0,baseline,80,25,1.0019557158173815,0.8008258251122603,0.5903602853081052,0.9884771646726692
1,chebyshev,1.0,baseline,80,30,1.0019557158173815,0.8008258251122603,0.5857910728477164,0.9942304181416577
1,chebyshev,1.0,baseline,80,35,1.0019557158173815,0.8008258251122603,0.5840734164821098,0.9972916453550971
1,chebyshev,1.0,baseline,80,40,1.0019557158173815,0.8008258251122603,0.5832678248870445,0.9989489725718744
1,chebyshev,1.0,baseline,80,45,1.0019557158173815,0.8008258251122603,0.5829590629612327,0.9996357408671424
1,chebyshev,1.0,baseline,80,50,1.0019557158173815,0.8008258251122603,0.5826300644740571,0.9998283365139382
1,chebyshev,8.5,optimized,90,5,1.0790619162102768,0.8447366671542144,0.6558501237186285,0.7004615603644956
1,chebyshev,8.5,optimized,90,10,1.0790619162102768,0.8447366671542144,0.6242539009241024,0.8665670612498655
1,chebyshev,8.5,optimized,90,15,1.0790619162102768,0.8447366671542144,0.6057905155996354,0.9378313127759708
1,chebyshev,8.5,optimized,90,20,1.0790619162102768,0.8447366671542144,0.5960321472190746,0.9716165199601212
1,chebyshev,8.5,optimized,90,25,1.0790619162102768,0.8447366671542144,0.5894695111829725,0.9862177012462564
1,chebyshev,8.5,optimized,90,30,1.0790619162102768,0.8447366671542144,0.5854729392315976,0.9935801282178041
1,chebyshev,8.5,optimized,90,35,1.0790619162102768,0.8447366671542144,0.5840128196028491,0.997124536324378
1,chebyshev,8.5,optimized,90,40,1.0790619162102768,0.8447366671542144,0.5831882914830148,0.9987323086063665
1,chebyshev,8.5,optimized,90,45,1.0790619162102768,0.8447366671542144,0.5828883666020952,0.9995354180506127
1,chebyshev,8.5,optimized,90,50,1.0790619162102768,0.8447366671542144,0.5825876466585745,0.9997116940799632
1,chebyshev,1.0,baseline,90,5,1.0028415552488943,0.8017232468798638,0.6759985860728173,0.7169472242815346
1,chebyshev,1.0,baseline,90,10,1.0028415552488943,0.8017232468798638,0.6334797757915468,0.8781816566424785
1,chebyshev,1.0,baseline,90,15,1.0028415552488943,0.8017232468798638,0.6105271716618482,0.9447338093451715
1,chebyshev,1.0,baseline,90,20,1.0028415552488943,0.8017232468798638,0.5975697930303152,0.9747746339255209
1,chebyshev,1.0,baseline,90,25,1.0028415552488943,0.8017232468798638,0.5902330318616577,0.9883126553015428
1,chebyshev,1.0,baseline,90,30,1.0028415552488943,0.8017232468798638,0.5857557246681476,0.994189167031477
1,chebyshev,1.0,baseline,90,35,1.0028415552488943,0.8017232468798638,0.5841340133613706,0.9974265519100606
1,chebyshev,1.0,baseline,90,40,1.0028415552488943,0.8017232468798638,0.5832678248870445,0.9989489725718744
1,chebyshev,1.0,baseline,90,45,1.0028415552488943,0.8017232468798638,0.5829354975081869,0.9996067587201449
1,chebyshev,1.0,baseline,90,50,1.0028415552488943,0.8017232468798638,0.5826300644740571,0.9998283365139382
1,chebyshev,8.5,optimized,100,5,1.0788228100298958,0.8446062890059948,0.6562743018734535,0.7005979144656074
1,chebyshev,8.5,optimized,100,10,1.0788228100298958,0.8446062890059948,0.6242539009241024,0.8666632083724444
1,chebyshev,8.5,optimized,100,15,1.0788228100298958,0.8446062890059948,0.6060026046770479,0.9380442051636716
1,chebyshev,8.5,optimized,100,20,1.0788228100298958,0.8446062890059948,0.5960321472190746,0.9716165199601212
1,chebyshev,8.5,optimized,100,25,1.0788228100298958,0.8446062890059948,0.5894695111829725,0.9862177012462564
1,chebyshev,8.5,optimized,100,30,1.0788228100298958,0.8446062890059948,0.5855082874111663,0.9936224867403387
1,chebyshev,8.5,optimized,100,35,1.0788228100298958,0.8446062890059948,0.5840128196028491,0.997124536324378
1,chebyshev,8.5,optimized,100,40,1.0788228100298958,0.8446062890059948,0.5831882914830148,0.9987323086063665
1,chebyshev,8.5,optimized,100,45,1.0788228100298958,0.8446062890059948,0.5828883666020952,0.9995354180506127
1,chebyshev,8.5,optimized,100,50,1.0788228100298958,0.8446062890059948,0.5825876466585745,0.9997116940799632
1,chebyshev,1.0,baseline,100,5,1.0037418136568885,0.8026063457878034,0.6757864969954047,0.7150562194435451
1,chebyshev,1.0,baseline,100,10,1.0037418136568885,0.8026063457878034,0.6337979094076656,0.8781574759162052
1,chebyshev,1.0,baseline,100,15,1.0037418136568885,0.8026063457878034,0.6101736898661607,0.9442600398833224
1,chebyshev,1.0,baseline,100,20,1.0037418136568885,0.8026063457878034,0.597516770760962,0.9746700667297384
1,chebyshev,1.0,baseline,100,25,1.0037418136568885,0.8026063457878034,0.5903178674926228,0.988382584020324
1,chebyshev,1.0,baseline,100,30,1.0037418136568885,0.8026063457878034,0.5857557246681476,0.9941568938714505
1,chebyshev,1.0,baseline,100,35,1.0037418136568885,0.8026063457878034,0.5841037149217402,0.9973478860824961
1,chebyshev,1.0,baseline,100,40,1.0037418136568885,0.8026063457878034,0.5832678248870445,0.9989489725718744
1,chebyshev,1.0,baseline,100,45,1.0037418136568885,0.8026063457878034,0.5829354975081869,0.9996067587201449
1,chebyshev,1.0,baseline,100,50,1.0037418136568885,0.8026063457878034,0.5826300644740571,0.9998283365139382
1,euclidean,2.6999999999999975,optimized,10,5,1.0609608507460255,0.8396255498169859,0.6526687875574408,0.697774885073246
1,euclidean,2.6999999999999975,optimized,10,10,1.0609608507460255,0.8396255498169859,0.6238297227692774,0.8671853292538503
1,euclidean,2.6999999999999975,optimized,10,15,1.0609608507460255,0.8396255498169859,0.6050128556491228,0.9367892375791229
1,euclidean,2.6999999999999975,optimized,10,20,1.0609608507460255,0.8396255498169859,0.5949186795626588,0.9709809774178116
1,euclidean,2.6999999999999975,optimized,10,25,1.0609608507460255,0.8396255498169859,0.5889180795817002,0.9862597474542566
1,euclidean,2.6999999999999975,optimized,10,30,1.0609608507460255,0.8396255498169859,0.585260850154185,0.9931457178981482
1,euclidean,2.6999999999999975,optimized,10,35,1.0609608507460255,0.8396255498169859,0.5838613274046972,0.9968806315852592
1,euclidean,2.6999999999999975,optimized,10,40,1.0609608507460255,0.8396255498169859,0.5831882914830148,0.998774292757058
1,euclidean,2.6999999999999975,optimized,10,45,1.0609608507460255,0.8396255498169859,0.5828648011490494,0.9995064359036152
1,euclidean,2.6999999999999975,optimized,10,50,1.0609608507460255,0.8396255498169859,0.582545228843092,0.9996447353265554
1,euclidean,1.0,baseline,10,5,1.0306150568028727,0.8180747135151403,0.6590314598798163,0.7010641941093482
1,euclidean,1.0,baseline,10,10,1.0306150568028727,0.8180747135151403,0.6259506135434024,0.8702638743097673
1,euclidean,1.0,baseline,10,15,1.0306150568028727,0.8180747135151403,0.6067802646275605,0.940154069611381
1,euclidean,1.0,baseline,10,20,1.0306150568028727,0.8180747135151403,0.5949186795626589,0.9706551082114211
1,euclidean,1.0,baseline,10,25,1.0306150568028727,0.8180747135151403,0.5892574221055602,0.9867735655103153
1,euclidean,1.0,baseline,10,30,1.0306150568028727,0.8180747135151403,0.5852608501541852,0.9932121372790045
1,euclidean,1.0,baseline,10,35,1.0306150568028727,0.8180747135151403,0.583921924283958,0.9970114547276439
1,euclidean,1.0,baseline,10,40,1.0306150568028727,0.8180747135151403,0.5831882914830148,0.9987197878026981
1,euclidean,1.0,baseline,10,45,1.0306150568028727,0.8180747135151403,0.5828883666020952,0.9994857343700456
1,euclidean,1.0,baseline,10,50,1.0306150568028727,0.8180747135151403,0.5826088555663158,0.9997903599075277
1,euclidean,3.5,optimized,20,5,1.0611066330932164,0.8383051195569694,0.6566984800282786,0.7002049794347021
1,euclidean,3.5,optimized,20,10,1.0611066330932164,0.8383051195569694,0.6240418118466898,0.8669459926128088
1,euclidean,3.5,optimized,20,15,1.0611066330932164,0.8383051195569694,0.6050835520082604,0.9367539682901777
1,euclidean,3.5,optimized,20,20,1.0611066330932164,0.8383051195569694,0.5951307686400712,0.970376304080733
1,euclidean,3.5,optimized,20,25,1.0611066330932164,0.8383051195569694,0.5889180795817001,0.9863826612003204
1,euclidean,3.5,optimized,20,30,1.0611066330932164,0.8383051195569694,0.5853668946928914,0.99331321728263
1,euclidean,3.5,optimized,20,35,1.0611066330932164,0.8383051195569694,0.5837401336461758,0.9966995151933453
1,euclidean,3.5,optimized,20,40,1.0611066330932164,0.8383051195569694,0.5831617803483383,0.998700977774602
1,euclidean,3.5,optimized,20,45,1.0611066330932164,0.8383051195569694,0.5828176702429577,0.9993927367115484
1,euclidean,3.5,optimized,20,50,1.0611066330932164,0.8383051195569694,0.5825664377508333,0.9996737174735527
1,euclidean,1.0,baseline,20,5,1.01288201684876,0.8050577479502612,0.6658183103570166,0.7079992030936962
1,euclidean,1.0,baseline,20,10,1.01288201684876,0.8050577479502612,0.628601727011059,0.8734316185901393
1,euclidean,1.0,baseline,20,15,1.01288201684876,0.8050577479502612,0.6077700136554857,0.9415197631221999
1,euclidean,1.0,baseline,20,20,1.01288201684876,0.8050577479502612,0.5962442362964872,0.9727013538205271
1,euclidean,1.0,baseline,20,25,1.01288201684876,0.8050577479502612,0.5896816002603851,0.9873721649434125
1,euclidean,1.0,baseline,20,30,1.01288201684876,0.8050577479502612,0.5855082874111663,0.9936607022829121
1,euclidean,1.0,baseline,20,35,1.01288201684876,0.8050577479502612,0.5839219242839581,0.9970053460960818
1,euclidean,1.0,baseline,20,40,1.01288201684876,0.8050577479502612,0.5832678248870445,0.9989462849966516
1,euclidean,1.0,baseline,20,45,1.01288201684876,0.8050577479502612,0.5829354975081869,0.9996157531795579
1,euclidean,1.0,baseline,20,50,1.01288201684876,0.8050577479502612,0.5826088555663158,0.9997903599075277
1,euclidean,4.0,optimized,30,5,1.0674460039043439,0.8413430547177114,0.6535171438670908,0.6985159023765426
1,euclidean,4.0,optimized,30,10,1.0674460039043439,0.8413430547177114,0.6244659900015149,0.8678197041582298
1,euclidean,4.0,optimized,30,15,1.0674460039043439,0.8413430547177114,0.6050128556491228,0.936471389499165
1,euclidean,4.0,optimized,30,20,1.0674460039043439,0.8413430547177114,0.5952368131787776,0.9706334816995977
1,euclidean,4.0,optimized,30,25,1.0674460039043439,0.8413430547177114,0.5889604973971825,0.9865796599496438
1,euclidean,4.0,optimized,30,30,1.0674460039043439,0.8413430547177114,0.5853315465133226,0.9932090481620383
1,euclidean,4.0,optimized,30,35,1.0674460039043439,0.8413430547177114,0.583831028965067,0.9968872842088548
1,euclidean,4.0,optimized,30,40,1.0674460039043439,0.8413430547177114,0.5831352692136618,0.9986719956276046
1,euclidean,4.0,optimized,30,45,1.0674460039043439,0.8413430547177114,0.5828176702429577,0.9993927367115484
1,euclidean,4.0,optimized,30,50,1.0674460039043439,0.8413430547177114,0.582545228843092,0.9995890004284833
1,euclidean,1.0,baseline,30,5,1.0038536084735614,0.7986221064853166,0.6726051608342171,0.7144658408021158
1,euclidean,1.0,baseline,30,10,1.0038536084735614,0.7986221064853166,0.6325253749431904,0.877926731248843
1,euclidean,1.0,baseline,30,15,1.0038536084735614,0.7986221064853166,0.6084769772468606,0.9423643459627394
1,euclidean,1.0,baseline,30,20,1.0038536084735614,0.7986221064853166,0.5969335257980777,0.9736157597738617
1,euclidean,1.0,baseline,30,25,1.0038536084735614,0.7986221064853166,0.5897240180758677,0.9875669404091542
1,euclidean,1.0,baseline,30,30,1.0038536084735614,0.7986221064853166,0.5858264210272851,0.9943328953854629
1,euclidean,1.0,baseline,30,35,1.0038536084735614,0.7986221064853166,0.5839825211632187,0.9971500564803296
1,euclidean,1.0,baseline,30,40,1.0038536084735614,0.7986221064853166,0.5832678248870445,0.9989312142802129
1,euclidean,1.0,baseline,30,45,1.0038536084735614,0.7986221064853166,0.5829590629612327,0.9996447353265554
1,euclidean,1.0,baseline,30,50,1.0038536084735614,0.7986221064853166,0.5826088555663158,0.9997903599075277
1,euclidean,4.0,optimized,40,5,1.06309650784355,0.8379941288808046,0.6569105691056911,0.7018040149219109
1,euclidean,4.0,optimized,40,10,1.06309650784355,0.8379941288808046,0.6254203908498712,0.8685941325985045
1,euclidean,4.0,optimized,40,15,1.06309650784355,0.8379941288808046,0.6049421592899854,0.9364041224285666
1,euclidean,4.0,optimized,40,20,1.06309650784355,0.8379941288808046,0.5950247241013651,0.9705408131812511
1,euclidean,4.0,optimized,40,25,1.06309650784355,0.8379941288808046,0.589172586474595,0.9869288804941242
1,euclidean,4.0,optimized,40,30,1.06309650784355,0.8379941288808046,0.5854022428724601,0.9934251818326787
1,euclidean,4.0,optimized,40,35,1.06309650784355,0.8379941288808046,0.5838007305254366,0.9968446589845114
1,euclidean,4.0,optimized,40,40,1.06309650784355,0.8379941288808046,0.5831617803483383,0.998700977774602
1,euclidean,4.0,optimized,40,45,1.06309650784355,0.8379941288808046,0.5828176702429577,0.9993927367115484
1,euclidean,4.0,optimized,40,50,1.06309650784355,0.8379941288808046,0.582545228843092,0.9995890004284833
1,euclidean,1.0,baseline,40,5,1.0013652267405377,0.7969610723095644,0.673453517143867,0.7152752496731573
1,euclidean,1.0,baseline,40,10,1.0013652267405377,0.7969610723095644,0.6322072413270716,0.8774283066720877
1,euclidean,1.0,baseline,40,15,1.0013652267405377,0.7969610723095644,0.6091839408382357,0.9434215167742099
1,euclidean,1.0,baseline,40,20,1.0013652267405377,0.7969610723095644,0.5971456148754902,0.9740159563156768
1,euclidean,1.0,baseline,40,25,1.0013652267405377,0.7969610723095644,0.5901481962306927,0.9883227726908165
1,euclidean,1.0,baseline,40,30,1.0013652267405377,0.7969610723095644,0.5856850283090101,0.9940388124696815
1,euclidean,1.0,baseline,40,35,1.0013652267405377,0.7969610723095644,0.5840431180424795,0.9972446067538446
1,euclidean,1.0,baseline,40,40,1.0013652267405377,0.7969610723095644,0.583241313752368,0.9989022321332154
1,euclidean,1.0,baseline,40,45,1.0013652267405377,0.7969610723095644,0.5829590629612327,0.9996447353265554
1,euclidean,1.0,baseline,40,50,1.0013652267405377,0.7969610723095644,0.5826512733817983,0.9998573186609357
1,euclidean,4.5,optimized,50,5,1.0778785364185934,0.8473569447031267,0.654789678331566,0.7002611055616472
1,euclidean,4.5,optimized,50,10,1.0778785364185934,0.8473569447031267,0.6238297227692773,0.8676265235397447
1,euclidean,4.5,optimized,50,15,1.0778785364185934,0.8473569447031267,0.6043765884168854,0.9355015471641868
1,euclidean,4.5,optimized,50,20,1.0778785364185934,0.8473569447031267,0.5948126350239527,0.9701586777833971
1,euclidean,4.5,optimized,50,25,1.0778785364185934,0.8473569447031267,0.5889604973971826,0.9855104729565026
1,euclidean,4.5,optimized,50,30,1.0778785364185934,0.8473569447031267,0.5853668946928913,0.9932882299667402
1,euclidean,4.5,optimized,50,35,1.0778785364185934,0.8473569447031267,0.5838007305254366,0.9967804152253338
1,euclidean,4.5,optimized,50,40,1.0778785364185934,0.8473569447031267,0.5831352692136618,0.9986719956276046
1,euclidean,4.5,optimized,50,45,1.0778785364185934,0.8473569447031267,0.5828176702429577,0.9993927367115484
1,euclidean,4.5,optimized,50,50,1.0778785364185934,0.8473569447031267,0.582545228843092,0.9995890004284833
1,euclidean,1.0,baseline,50,5,1.0001414735758596,0.7961819625465432,0.6743018734535171,0.7154395482820639
1,euclidean,1.0,baseline,50,10,1.0001414735758596,0.7961819625465432,0.631889107710953,0.8768118767842455
1,euclidean,1.0,baseline,50,15,1.0001414735758596,0.7961819625465432,0.6099616007887482,0.9440808581643192
1,euclidean,1.0,baseline,50,20,1.0001414735758596,0.7961819625465432,0.5971456148754902,0.9739414414784373
1,euclidean,1.0,baseline,50,25,1.0001414735758596,0.7961819625465432,0.5901906140461752,0.9882959358347596
1,euclidean,1.0,baseline,50,30,1.0001414735758596,0.7961819625465432,0.5857910728477163,0.9941708338661525
1,euclidean,1.0,baseline,50,35,1.0001414735758596,0.7961819625465432,0.5841037149217402,0.9973765453209572
1,euclidean,1.0,baseline,50,40,1.0001414735758596,0.7961819625465432,0.5832678248870445,0.9989445906557503
1,euclidean,1.0,baseline,50,45,1.0001414735758596,0.7961819625465432,0.5829354975081869,0.9996067587201449
1,euclidean,1.0,baseline,50,50,1.0001414735758596,0.7961819625465432,0.5826300644740571,0.9997786528333711
1,euclidean,4.5,optimized,60,5,1.0764147013682732,0.8462894507168328,0.6550017674089784,0.7004801616128489
1,euclidean,4.5,optimized,60,10,1.0764147013682732,0.8462894507168328,0.6240418118466899,0.8679267372760817
1,euclidean,4.5,optimized,60,15,1.0764147013682732,0.8462894507168328,0.6044472847760228,0.935771978825037
1,euclidean,4.5,optimized,60,20,1.0764147013682732,0.8462894507168328,0.5949186795626589,0.9702967745339807
1,euclidean,4.5,optimized,60,25,1.0764147013682732,0.8462894507168328,0.5890029152126652,0.9855735622383016
1,euclidean,4.5,optimized,60,30,1.0764147013682732,0.8462894507168328,0.5854022428724601,0.9933461942607351
1,euclidean,4.5,optimized,60,35,1.0764147013682732,0.8462894507168328,0.5838007305254366,0.9967804152253338
1,euclidean,4.5,optimized,60,40,1.0764147013682732,0.8462894507168328,0.5831352692136618,0.9986719956276046
1,euclidean,4.5,optimized,60,45,1.0764147013682732,0.8462894507168328,0.5828176702429577,0.9993927367115484
1,euclidean,4.5,optimized,60,50,1.0764147013682732,0.8462894507168328,0.582545228843092,0.9995890004284833
1,euclidean,1.0,baseline,60,5,1.0002522553611315,0.796986790275054,0.6723930717568044,0.7135224977943329
1,euclidean,1.0,baseline,60,10,1.0002522553611315,0.796986790275054,0.6307226177851841,0.8755186183109583
1,euclidean,1.0,baseline,60,15,1.0002522553611315,0.796986790275054,0.6095374226339232,0.9440061004836402
1,euclidean,1.0,baseline,60,20,1.0002522553611315,0.796986790275054,0.5974107262222559,0.9744222670562849
1,euclidean,1.0,baseline,60,25,1.0002522553611315,0.796986790275054,0.5902754496771403,0.988396381299289
1,euclidean,1.0,baseline,60,30,1.0002522553611315,0.796986790275054,0.5857203764885789,0.9940205503724084
1,euclidean,1.0,baseline,60,35,1.0002522553611315,0.796986790275054,0.5840734164821098,0.9973169296225748
1,euclidean,1.0,baseline,60,40,1.0002522553611315,0.796986790275054,0.583241313752368,0.9989066140493398
1,euclidean,1.0,baseline,60,45,1.0002522553611315,0.796986790275054,0.5829354975081869,0.9996067587201449
1,euclidean,1.0,baseline,60,50,1.0002522553611315,0.796986790275054,0.5826088555663158,0.9997406762269606
1,euclidean,4.5,optimized,70,5,1.0753698126124154,0.8454896554902296,0.6550017674089784,0.7005383541545215
1,euclidean,4.5,optimized,70,10,1.0753698126124154,0.8454896554902296,0.6243599454628086,0.8683400971873911
1,euclidean,4.5,optimized,70,15,1.0753698126124154,0.8454896554902296,0.6044472847760228,0.9357633410086769
1,euclidean,4.5,optimized,70,20,1.0753698126124154,0.8454896554902296,0.5949186795626588,0.9702207981364184
1,euclidean,4.5,optimized,70,25,1.0753698126124154,0.8454896554902296,0.5890453330281477,0.9856140160115876
1,euclidean,4.5,optimized,70,30,1.0753698126124154,0.8454896554902296,0.5854375910520289,0.9934563264193255
1,euclidean,4.5,optimized,70,35,1.0753698126124154,0.8454896554902296,0.5838007305254366,0.9967804152253338
1,euclidean,4.5,optimized,70,40,1.0753698126124154,0.8454896554902296,0.5831352692136618,0.9986719956276046
1,euclidean,4.5,optimized,70,45,1.0753698126124154,0.8454896554902296,0.5828176702429577,0.9993927367115484
1,euclidean,4.5,optimized,70,50,1.0753698126124154,0.8454896554902296,0.582545228843092,0.9995890004284833
1,euclidean,1.0,baseline,70,5,1.0004409194953392,0.7972731076630227,0.673453517143867,0.714379139011657
1,euclidean,1.0,baseline,70,10,1.0004409194953392,0.7972731076630227,0.6305105287077716,0.8753871110609245
1,euclidean,1.0,baseline,70,15,1.0004409194953392,0.7972731076630227,0.6095374226339232,0.9439271518969141
1,euclidean,1.0,baseline,70,20,1.0004409194953392,0.7972731076630227,0.5969865480674309,0.9738823723728297
1,euclidean,1.0,baseline,70,25,1.0004409194953392,0.7972731076630227,0.5901906140461752,0.9883019823062116
1,euclidean,1.0,baseline,70,30,1.0004409194953392,0.7972731076630227,0.5857910728477164,0.9941119055635305
1,euclidean,1.0,baseline,70,35,1.0004409194953392,0.7972731076630227,0.5841037149217402,0.9973549062289853
1,euclidean,1.0,baseline,70,40,1.0004409194953392,0.7972731076630227,0.5832678248870445,0.9989355961963372
1,euclidean,1.0,baseline,70,45,1.0004409194953392,0.7972731076630227,0.5829354975081869,0.9996067587201449
1,euclidean,1.0,baseline,70,50,1.0004409194953392,0.7972731076630227,0.5826300644740571,0.9997786528333711
1,euclidean,4.5,optimized,80,5,1.0746699321448239,0.8449772752934838,0.6558501237186285,0.7012958637549956
1,euclidean,4.5,optimized,80,10,1.0746699321448239,0.8449772752934838,0.6243599454628087,0.8682226302197038
1,euclidean,4.5,optimized,80,15,1.0746699321448239,0.8449772752934838,0.6044472847760228,0.9357529396381434
1,euclidean,4.5,optimized,80,20,1.0746699321448239,0.8449772752934838,0.594971701832012,0.9702497802834158
1,euclidean,4.5,optimized,80,25,1.0746699321448239,0.8449772752934838,0.5891301686591126,0.9857160331690187
1,euclidean,4.5,optimized,80,30,1.0746699321448239,0.8449772752934838,0.5854729392315976,0.9935564465634985
1,euclidean,4.5,optimized,80,35,1.0746699321448239,0.8449772752934838,0.5838007305254366,0.9967804152253338
1,euclidean,4.5,optimized,80,40,1.0746699321448239,0.8449772752934838,0.5831352692136618,0.9986719956276046
1,euclidean,4.5,optimized,80,45,1.0746699321448239,0.8449772752934838,0.5828176702429577,0.9993927367115484
1,euclidean,4.5,optimized,80,50,1.0746699321448239,0.8449772752934838,0.582545228843092,0.9995890004284833
1,euclidean,1.0,baseline,80,5,1.00095624934901,0.7979454245184754,0.6751502297631672,0.7160107472370467
1,euclidean,1.0,baseline,80,10,1.00095624934901,0.7979454245184754,0.6312528404787153,0.876171471728697
1,euclidean,1.0,baseline,80,15,1.00095624934901,0.7979454245184754,0.6095374226339232,0.9439471799344099
1,euclidean,1.0,baseline,80,20,1.00095624934901,0.7979454245184754,0.5973046816835496,0.974289892208958
1,euclidean,1.0,baseline,80,25,1.00095624934901,0.7979454245184754,0.5901057784152103,0.9881712740305824
1,euclidean,1.0,baseline,80,30,1.00095624934901,0.7979454245184754,0.5857910728477164,0.9941700510401781
1,euclidean,1.0,baseline,80,35,1.00095624934901,0.7979454245184754,0.5841037149217402,0.9973577193109416
1,euclidean,1.0,baseline,80,40,1.00095624934901,0.7979454245184754,0.583241313752368,0.9989066140493398
1,euclidean,1.0,baseline,80,45,1.00095624934901,0.7979454245184754,0.5829354975081869,0.9996067587201449
1,euclidean,1.0,baseline,80,50,1.00095624934901,0.7979454245184754,0.5826300644740571,0.9997786528333711
1,euclidean,4.5,optimized,90,5,1.074126176687083,0.8445801154392428,0.6562743018734535,0.7019048627670783
1,euclidean,4.5,optimized,90,10,1.074126176687083,0.8445801154392428,0.6245720345402211,0.8683820522954254
1,euclidean,4.5,optimized,90,15,1.074126176687083,0.8445801154392428,0.6043058920577479,0.935578023856853
1,euclidean,4.5,optimized,90,20,1.074126176687083,0.8445801154392428,0.594971701832012,0.9703074685569631
1,euclidean,4.5,optimized,90,25,1.074126176687083,0.8445801154392428,0.589172586474595,0.9868173547549218
1,euclidean,4.5,optimized,90,30,1.074126176687083,0.8445801154392428,0.5854729392315976,0.9935564465634985
1,euclidean,4.5,optimized,90,35,1.074126176687083,0.8445801154392428,0.5838007305254366,0.9967804152253338
1,euclidean,4.5,optimized,90,40,1.074126176687083,0.8445801154392428,0.5831352692136618,0.9986719956276046
1,euclidean,4.5,optimized,90,45,1.074126176687083,0.8445801154392428,0.5828176702429577,0.9993927367115484
1,euclidean,4.5,optimized,90,50,1.074126176687083,0.8445801154392428,0.582545228843092,0.9995890004284833
1,euclidean,1.0,baseline,90,5,1.001232981831338,0.7984686547720149,0.673877695298692,0.7145866234533415
1,euclidean,1.0,baseline,90,10,1.001232981831338,0.7984686547720149,0.6314649295561278,0.876559728824952
1,euclidean,1.0,baseline,90,15,1.001232981831338,0.7984686547720149,0.6095374226339232,0.9438295734918078
1,euclidean,1.0,baseline,90,20,1.001232981831338,0.7984686547720149,0.5974107262222559,0.9743462665544004
1,euclidean,1.0,baseline,90,25,1.001232981831338,0.7984686547720149,0.5901906140461752,0.9882259116558564
1,euclidean,1.0,baseline,90,30,1.001232981831338,0.7984686547720149,0.5857910728477164,0.9941342495644754
1,euclidean,1.0,baseline,90,35,1.001232981831338,0.7984686547720149,0.5840734164821098,0.9973169296225748
1,euclidean,1.0,baseline,90,40,1.001232981831338,0.7984686547720149,0.5832678248870445,0.9989489725718744
1,euclidean,1.0,baseline,90,45,1.001232981831338,0.7984686547720149,0.5829354975081869,0.9996067587201449
1,euclidean,1.0,baseline,90,50,1.001232981831338,0.7984686547720149,0.5826300644740571,0.9997786528333711
1,euclidean,5.0,optimized,100,5,1.0914617510661846,0.8558385646631397,0.6516083421703782,0.6976939651641102
1,euclidean,5.0,optimized,100,10,1.0914617510661846,0.8558385646631397,0.6221330101499772,0.8662053638716722
1,euclidean,5.0,optimized,100,15,1.0914617510661846,0.8558385646631397,0.6035282321072354,0.9346453141399561
1,euclidean,5.0,optimized,100,20,1.0914617510661846,0.8558385646631397,0.5942293900610681,0.9688282671026611
1,euclidean,5.0,optimized,100,25,1.0914617510661846,0.8558385646631397,0.5886211548733226,0.9849401975177381
1,euclidean,5.0,optimized,100,30,1.0914617510661846,0.8558385646631397,0.5854022428724601,0.9934075599759381
1,euclidean,5.0,optimized,100,35,1.0914617510661846,0.8558385646631397,0.5837098352065455,0.9966516453168281
1,euclidean,5.0,optimized,100,40,1.0914617510661846,0.8558385646631397,0.5831087580789852,0.99859332980004
1,euclidean,5.0,optimized,100,45,1.0914617510661846,0.8558385646631397,0.5828176702429577,0.9993927367115484
1,euclidean,5.0,optimized,100,50,1.0914617510661846,0.8558385646631397,0.5825028110276095,0.9995220416750754
1,euclidean,1.0,baseline,100,5,1.0017628954107705,0.7990738863084663,0.6755744079179922,0.7156901840862321
1,euclidean,1.0,baseline,100,10,1.0017628954107705,0.7990738863084663,0.6308286623238903,0.8760169877921229
1,euclidean,1.0,baseline,100,15,1.0017628954107705,0.7990738863084663,0.6097495117113356,0.9441241012498182
1,euclidean,1.0,baseline,100,20,1.0017628954107705,0.7990738863084663,0.5973046816835497,0.9741939202532017
1,euclidean,1.0,baseline,100,25,1.0017628954107705,0.7990738863084663,0.5900209427842452,0.987966404845385
1,euclidean,1.0,baseline,100,30,1.0017628954107705,0.7990738863084663,0.5857203764885789,0.9940697409147068
1,euclidean,1.0,baseline,100,35,1.0017628954107705,0.7990738863084663,0.5840734164821098,0.9973169296225748
1,euclidean,1.0,baseline,100,40,1.0017628954107705,0.7990738863084663,0.5832678248870445,0.9989489725718744
1,euclidean,1.0,baseline,100,45,1.0017628954107705,0.7990738863084663,0.5829354975081869,0.9996067587201449
1,euclidean,1.0,baseline,100,50,1.0017628954107705,0.7990738863084663,0.5826300644740571,0.9997786528333711
1,manhattan,1.2500000000000002,optimized,10,5,1.0615015377354404,0.8427172271678477,0.646942382467303,0.6937127216621665
1,manhattan,1.2500000000000002,optimized,10,10,1.0615015377354404,0.8427172271678477,0.6219209210725647,0.8653602580915748
1,manhattan,1.2500000000000002,optimized,10,15,1.0615015377354404,0.8427172271678477,0.6048007665717103,0.9370015947979993
1,manhattan,1.2500000000000002,optimized,10,20,1.0615015377354404,0.8427172271678477,0.5938582341755962,0.9693679083589744
1,manhattan,1.2500000000000002,optimized,10,25,1.0615015377354404,0.8427172271678477,0.588154558903015,0.9850910278316014
1,manhattan,1.2500000000000002,optimized,10,30,1.0615015377354404,0.8427172271678477,0.5852255019746163,0.9930323567174961
1,manhattan,1.2500000000000002,optimized,10,35,1.0615015377354404,0.8427172271678477,0.5836795367669152,0.9965821874252336
1,manhattan,1.2500000000000002,optimized,10,40,1.0615015377354404,0.8427172271678477,0.5831617803483382,0.998754638009179
1,manhattan,1.2500000000000002,optimized,10,45,1.0615015377354404,0.8427172271678477,0.5828648011490494,0.9995064359036152
1,manhattan,1.2500000000000002,optimized,10,50,1.0615015377354404,0.8427172271678477,0.5825664377508333,0.9996737174735527
1,manhattan,1.0,baseline,10,5,1.0534997926797434,0.837264998635032,0.6518204312477905,0.6973730999129503
1,manhattan,1.0,baseline,10,10,1.0534997926797434,0.837264998635032,0.6231934555370399,0.867849927564271
1,manhattan,1.0,baseline,10,15,1.0534997926797434,0.837264998635032,0.6048714629308479,0.9370915164855189
1,manhattan,1.0,baseline,10,20,1.0534997926797434,0.837264998635032,0.5942824123304212,0.9700485178095384
1,manhattan,1.0,baseline,10,25,1.0534997926797434,0.837264998635032,0.5882818123494625,0.9854735121816734
1,manhattan,1.0,baseline,10,30,1.0534997926797434,0.837264998635032,0.5852608501541852,0.9930886139795312
1,manhattan,1.0,baseline,10,35,1.0534997926797434,0.837264998635032,0.5836492383272848,0.996486955026512
1,manhattan,1.0,baseline,10,40,1.0534997926797434,0.837264998635032,0.5831882914830148,0.9987746256967633
1,manhattan,1.0,baseline,10,45,1.0534997926797434,0.837264998635032,0.5828648011490494,0.9995064359036152
1,manhattan,1.0,baseline,10,50,1.0534997926797434,0.837264998635032,0.5825664377508333,0.9996737174735527
1,manhattan,1.6500000000000006,optimized,20,5,1.0532385171840308,0.8347782459435392,0.6537292329445034,0.6975835386572504
1,manhattan,1.6500000000000006,optimized,20,10,1.0532385171840308,0.8347782459435392,0.6228753219209211,0.8665224752041678
1,manhattan,1.6500000000000006,optimized,20,15,1.0532385171840308,0.8347782459435392,0.6050835520082604,0.9376857679751998
1,manhattan,1.6500000000000006,optimized,20,20,1.0532385171840308,0.8347782459435392,0.5950777463707183,0.9708416697960784
1,manhattan,1.6500000000000006,optimized,20,25,1.0532385171840308,0.8347782459435392,0.588663572688805,0.9858950857341234
1,manhattan,1.6500000000000006,optimized,20,30,1.0532385171840308,0.8347782459435392,0.5854022428724601,0.9933403771638647
1,manhattan,1.6500000000000006,optimized,20,35,1.0532385171840308,0.8347782459435392,0.5838007305254366,0.9967578855231367
1,manhattan,1.6500000000000006,optimized,20,40,1.0532385171840308,0.8347782459435392,0.5830822469443085,0.9985553531936295
1,manhattan,1.6500000000000006,optimized,20,45,1.0532385171840308,0.8347782459435392,0.5828412356960035,0.9994774537566178
1,manhattan,1.6500000000000006,optimized,20,50,1.0532385171840308,0.8347782459435392,0.5825664377508333,0.9996737174735527
1,manhattan,1.0,baseline,20,5,1.0295001942946114,0.8179927868049753,0.6605160834217038,0.7040718438753332
1,manhattan,1.0,baseline,20,10,1.0295001942946114,0.8179927868049753,0.626162702620815,0.8699558679320213
1,manhattan,1.0,baseline,20,15,1.0295001942946114,0.8179927868049753,0.6066388719092853,0.9396141328181146
1,manhattan,1.0,baseline,20,20,1.0295001942946114,0.8179927868049753,0.5959791249497214,0.9722732958448754
1,manhattan,1.0,baseline,20,25,1.0295001942946114,0.8179927868049753,0.5894270933674901,0.9871629890449614
1,manhattan,1.0,baseline,20,30,1.0295001942946114,0.8179927868049753,0.5853668946928914,0.9933768776743396
1,manhattan,1.0,baseline,20,35,1.0295001942946114,0.8179927868049753,0.583831028965067,0.9968053839251855
1,manhattan,1.0,baseline,20,40,1.0295001942946114,0.8179927868049753,0.5832943360217212,0.9990110686193516
1,manhattan,1.0,baseline,20,45,1.0295001942946114,0.8179927868049753,0.5828412356960035,0.9994774537566178
1,manhattan,1.0,baseline,20,50,1.0295001942946114,0.8179927868049753,0.5825664377508333,0.9996737174735527
1,manhattan,1.8000000000000003,optimized,30,5,1.0511273427450667,0.8325611809115373,0.6545775892541534,0.699129772864409
1,manhattan,1.8000000000000003,optimized,30,10,1.0511273427450667,0.8325611809115373,0.6241478563853962,0.8682727121820992
1,manhattan,1.8000000000000003,optimized,30,15,1.0511273427450667,0.8325611809115373,0.6052249447265353,0.9376725981800009
1,manhattan,1.8000000000000003,optimized,30,20,1.0511273427450667,0.8325611809115373,0.5948656572933059,0.9705197222438865
1,manhattan,1.8000000000000003,optimized,30,25,1.0511273427450667,0.8325611809115373,0.5885787370578401,0.9858112399852738
1,manhattan,1.8000000000000003,optimized,30,30,1.0511273427450667,0.8325611809115373,0.5854375910520289,0.9933920593839592
1,manhattan,1.8000000000000003,optimized,30,35,1.0511273427450667,0.8325611809115373,0.5837704320858061,0.996715527000602
1,manhattan,1.8000000000000003,optimized,30,40,1.0511273427450667,0.8325611809115373,0.5831352692136618,0.9986780718846302
1,manhattan,1.8000000000000003,optimized,30,45,1.0511273427450667,0.8325611809115373,0.5828176702429577,0.9993927367115484
1,manhattan,1.8000000000000003,optimized,30,50,1.0511273427450667,0.8325611809115373,0.5825664377508333,0.9996737174735527
1,manhattan,1.0,baseline,30,5,1.0200282023823142,0.8107416218230137,0.6660303994344291,0.7074021046764465
1,manhattan,1.0,baseline,30,10,1.0200282023823142,0.8107416218230137,0.6276473261627027,0.8715496635742817
1,manhattan,1.0,baseline,30,15,1.0200282023823142,0.8107416218230137,0.6076286209372105,0.9409456697648572
1,manhattan,1.0,baseline,30,20,1.0200282023823142,0.8107416218230137,0.5959261026803683,0.9724243914689907
1,manhattan,1.0,baseline,30,25,1.0200282023823142,0.8107416218230137,0.5893422577365252,0.98696887746503
1,manhattan,1.0,baseline,30,30,1.0200282023823142,0.8107416218230137,0.5855789837703038,0.9937471624089126
1,manhattan,1.0,baseline,30,35,1.0200282023823142,0.8107416218230137,0.5838916258443277,0.9970037247346298
1,manhattan,1.0,baseline,30,40,1.0200282023823142,0.8107416218230137,0.5832148026176914,0.998873249986218
1,manhattan,1.0,baseline,30,45,1.0200282023823142,0.8107416218230137,0.5828648011490494,0.9995064359036152
1,manhattan,1.0,baseline,30,50,1.0200282023823142,0.8107416218230137,0.5825876466585745,0.9997116940799632
1,manhattan,1.9500000000000004,optimized,40,5,1.055067032147003,0.8349374132684444,0.6539413220219158,0.6996120990370899
1,manhattan,1.9500000000000004,optimized,40,10,1.055067032147003,0.8349374132684444,0.6243599454628086,0.8679464835498003
1,manhattan,1.9500000000000004,optimized,40,15,1.055067032147003,0.8349374132684444,0.6047300702125727,0.9367691578843929
1,manhattan,1.9500000000000004,optimized,40,20,1.055067032147003,0.8349374132684444,0.5947065904852463,0.9705135412618798
1,manhattan,1.9500000000000004,optimized,40,25,1.055067032147003,0.8349374132684444,0.5885363192423576,0.9856888388635
1,manhattan,1.9500000000000004,optimized,40,30,1.055067032147003,0.8349374132684444,0.5855082874111663,0.993541286890015
1,manhattan,1.9500000000000004,optimized,40,35,1.055067032147003,0.8349374132684444,0.5838310289650668,0.9968943129723394
1,manhattan,1.9500000000000004,optimized,40,40,1.055067032147003,0.8349374132684444,0.5831352692136618,0.9986719956276046
1,manhattan,1.9500000000000004,optimized,40,45,1.055067032147003,0.8349374132684444,0.5828176702429577,0.9993927367115484
1,manhattan,1.9500000000000004,optimized,40,50,1.055067032147003,0.8349374132684444,0.5825664377508333,0.9996737174735527
1,manhattan,1.0,baseline,40,5,1.016741368365981,0.808351478579479,0.6700600919052667,0.7115476889804268
1,manhattan,1.0,baseline,40,10,1.016741368365981,0.808351478579479,0.6296621723981214,0.8735128148024541
1,manhattan,1.0,baseline,40,15,1.016741368365981,0.808351478579479,0.6081941918103106,0.9415455023932185
1,manhattan,1.0,baseline,40,20,1.016741368365981,0.808351478579479,0.5956609913336025,0.9719778913528955
1,manhattan,1.0,baseline,40,25,1.016741368365981,0.808351478579479,0.5893422577365252,0.9869811016804816
1,manhattan,1.0,baseline,40,30,1.016741368365981,0.808351478579479,0.5854729392315977,0.9935499540513427
1,manhattan,1.0,baseline,40,35,1.016741368365981,0.808351478579479,0.5839522227235883,0.9971418214852134
1,manhattan,1.0,baseline,40,40,1.016741368365981,0.808351478579479,0.583241313752368,0.9989022321332154
1,manhattan,1.0,baseline,40,45,1.016741368365981,0.808351478579479,0.5828883666020952,0.99954879442615
1,manhattan,1.0,baseline,40,50,1.016741368365981,0.808351478579479,0.5825876466585745,0.9997116940799632
1,manhattan,2.0500000000000007,optimized,50,5,1.0580638982019643,0.8366693976514338,0.6543655001767409,0.69980997187198
1,manhattan,2.0500000000000007,optimized,50,10,1.0580638982019643,0.8366693976514338,0.6239357673079837,0.8677985257166037
1,manhattan,2.0500000000000007,optimized,50,15,1.0580638982019643,0.8366693976514338,0.6050835520082604,0.9372412935563638
1,manhattan,2.0500000000000007,optimized,50,20,1.0580638982019643,0.8366693976514338,0.5948656572933058,0.9706599679945558
1,manhattan,2.0500000000000007,optimized,50,25,1.0580638982019643,0.8366693976514338,0.5886211548733226,0.9858137628871025
1,manhattan,2.0500000000000007,optimized,50,30,1.0580638982019643,0.8366693976514338,0.5855082874111665,0.9935549189277068
1,manhattan,2.0500000000000007,optimized,50,35,1.0580638982019643,0.8366693976514338,0.5838613274046972,0.9969355527538193
1,manhattan,2.0500000000000007,optimized,50,40,1.0580638982019643,0.8366693976514338,0.5831087580789852,0.998643013480607
1,manhattan,2.0500000000000007,optimized,50,45,1.0580638982019643,0.8366693976514338,0.5828176702429577,0.9993927367115484
1,manhattan,2.0500000000000007,optimized,50,50,1.0580638982019643,0.8366693976514338,0.5825240199353507,0.9995600182814859
1,manhattan,1.0,baseline,50,5,1.0140633879512886,0.806370317183911,0.6698480028278543,0.711369625261156
1,manhattan,1.0,baseline,50,10,1.0140633879512886,0.806370317183911,0.6309347068625966,0.8751895651026921
1,manhattan,1.0,baseline,50,15,1.0140633879512886,0.806370317183911,0.6087597626834106,0.942303503524566
1,manhattan,1.0,baseline,50,20,1.0140633879512886,0.806370317183911,0.596244236296487,0.9726285714474167
1,manhattan,1.0,baseline,50,25,1.0140633879512886,0.806370317183911,0.5895543468139376,0.9872569675482993
1,manhattan,1.0,baseline,50,30,1.0140633879512886,0.806370317183911,0.5856143319498726,0.9938523804550908
1,manhattan,1.0,baseline,50,35,1.0140633879512886,0.806370317183911,0.5840128196028491,0.9972221816536793
1,manhattan,1.0,baseline,50,40,1.0140633879512886,0.806370317183911,0.5832678248870445,0.9989445906557503
1,manhattan,1.0,baseline,50,45,1.0140633879512886,0.806370317183911,0.5828883666020952,0.99954879442615
1,manhattan,1.0,baseline,50,50,1.0140633879512886,0.806370317183911,0.5825876466585745,0.9997116940799632
1,manhattan,2.1000000000000005,optimized,60,5,1.0593932309310965,0.8375251306316496,0.6552138564863909,0.701139642874008
1,manhattan,2.1000000000000005,optimized,60,10,1.0593932309310965,0.8375251306316496,0.6236176336918648,0.8674110115753867
1,manhattan,2.1000000000000005,optimized,60,15,1.0593932309310965,0.8375251306316496,0.6047300702125727,0.9368507629118813
1,manhattan,2.1000000000000005,optimized,60,20,1.0593932309310965,0.8375251306316496,0.5948126350239525,0.97058535114341
1,manhattan,2.1000000000000005,optimized,60,25,1.0593932309310965,0.8375251306316496,0.5885787370578401,0.985742566340135
1,manhattan,2.1000000000000005,optimized,60,30,1.0593932309310965,0.8375251306316496,0.5855436355907352,0.993616103460257
1,manhattan,2.1000000000000005,optimized,60,35,1.0593932309310965,0.8375251306316496,0.5838613274046972,0.9969355527538193
1,manhattan,2.1000000000000005,optimized,60,40,1.0593932309310965,0.8375251306316496,0.5831087580789852,0.998643013480607
1,manhattan,2.1000000000000005,optimized,60,45,1.0593932309310965,0.8375251306316496,0.5828176702429577,0.9993927367115484
1,manhattan,2.1000000000000005,optimized,60,50,1.0593932309310965,0.8375251306316496,0.5825240199353507,0.9995600182814859
1,manhattan,1.0,baseline,60,5,1.0129104836949476,0.8058871069003781,0.6698480028278544,0.7113927811409707
1,manhattan,1.0,baseline,60,10,1.0129104836949476,0.8058871069003781,0.6307226177851841,0.8751186625803996
1,manhattan,1.0,baseline,60,15,1.0129104836949476,0.8058871069003781,0.6085476736059982,0.9420868180429156
1,manhattan,1.0,baseline,60,20,1.0129104836949476,0.8058871069003781,0.5960321472190746,0.9723814229949643
1,manhattan,1.0,baseline,60,25,1.0129104836949476,0.8058871069003781,0.5897240180758676,0.9875931880063129
1,manhattan,1.0,baseline,60,30,1.0129104836949476,0.8058871069003781,0.5856850283090101,0.9939938224839184
1,manhattan,1.0,baseline,60,35,1.0129104836949476,0.8058871069003781,0.5840431180424795,0.9972645401762139
1,manhattan,1.0,baseline,60,40,1.0129104836949476,0.8058871069003781,0.5832943360217212,0.9989735728027476
1,manhattan,1.0,baseline,60,45,1.0129104836949476,0.8058871069003781,0.582911932055141,0.9995777765731474
1,manhattan,1.0,baseline,60,50,1.0129104836949476,0.8058871069003781,0.5825876466585745,0.9997116940799632
1,manhattan,2.1500000000000004,optimized,70,5,1.0614031835774478,0.8388409423617847,0.6550017674089784,0.7009464543933746
1,manhattan,2.1500000000000004,optimized,70,10,1.0614031835774478,0.8388409423617847,0.6234055446144523,0.8675757330506809
1,manhattan,2.1500000000000004,optimized,70,15,1.0614031835774478,0.8388409423617847,0.6045179811351604,0.9356795585349248
1,manhattan,2.1500000000000004,optimized,70,20,1.0614031835774478,0.8388409423617847,0.5947596127545994,0.9705495890412124
1,manhattan,2.1500000000000004,optimized,70,25,1.0614031835774478,0.8388409423617847,0.5884939014268752,0.9856477639325574
1,manhattan,2.1500000000000004,optimized,70,30,1.0614031835774478,0.8388409423617847,0.5855082874111665,0.9935374376326924
1,manhattan,2.1500000000000004,optimized,70,35,1.0614031835774478,0.8388409423617847,0.5838613274046972,0.9969355527538193
1,manhattan,2.1500000000000004,optimized,70,40,1.0614031835774478,0.8388409423617847,0.5831352692136618,0.9986719956276046
1,manhattan,2.1500000000000004,optimized,70,45,1.0614031835774478,0.8388409423617847,0.5828176702429577,0.9993927367115484
1,manhattan,2.1500000000000004,optimized,70,50,1.0614031835774478,0.8388409423617847,0.5825240199353507,0.9995600182814859
1,manhattan,1.0,baseline,70,5,1.0123856470045711,0.805756742572419,0.6704842700600919,0.7112582679331225
1,manhattan,1.0,baseline,70,10,1.0123856470045711,0.805756742572419,0.6299803060142404,0.8740933588332341
1,manhattan,1.0,baseline,70,15,1.0123856470045711,0.805756742572419,0.6083355845285856,0.9420049156815439
1,manhattan,1.0,baseline,70,20,1.0123856470045711,0.805756742572419,0.5962442362964872,0.972782796455983
1,manhattan,1.0,baseline,70,25,1.0123856470045711,0.805756742572419,0.5898512715223152,0.9878163099656138
1,manhattan,1.0,baseline,70,30,1.0123856470045711,0.805756742572419,0.5856850283090101,0.9940172842219639
1,manhattan,1.0,baseline,70,35,1.0123856470045711,0.805756742572419,0.5840431180424795,0.9972584639191883
1,manhattan,1.0,baseline,70,40,1.0123856470045711,0.805756742572419,0.5832678248870445,0.9989355961963372
1,manhattan,1.0,baseline,70,45,1.0123856470045711,0.805756742572419,0.582911932055141,0.9995777765731474
1,manhattan,1.0,baseline,70,50,1.0123856470045711,0.805756742572419,0.5826088555663158,0.9997496706863737
1,manhattan,2.2000000000000006,optimized,80,5,1.0637765384278601,0.8403948963450157,0.6537292329445034,0.7003850288029667
1,manhattan,2.2000000000000006,optimized,80,10,1.0637765384278601,0.8403948963450157,0.6231934555370399,0.8672368541738065
1,manhattan,2.2000000000000006,optimized,80,15,1.0637765384278601,0.8403948963450157,0.6043058920577479,0.9353989837499447
1,manhattan,2.2000000000000006,optimized,80,20,1.0637765384278601,0.8403948963450157,0.594653568215893,0.9703541719591343
1,manhattan,2.2000000000000006,optimized,80,25,1.0637765384278601,0.8403948963450157,0.5884514836113927,0.985575386625145
1,manhattan,2.2000000000000006,optimized,80,30,1.0637765384278601,0.8403948963450157,0.5855082874111665,0.9935374376326924
1,manhattan,2.2000000000000006,optimized,80,35,1.0637765384278601,0.8403948963450157,0.5838916258443275,0.9969779112763539
1,manhattan,2.2000000000000006,optimized,80,40,1.0637765384278601,0.8403948963450157,0.5831087580789852,0.998643013480607
1,manhattan,2.2000000000000006,optimized,80,45,1.0637765384278601,0.8403948963450157,0.5828176702429577,0.9993927367115484
1,manhattan,2.2000000000000006,optimized,80,50,1.0637765384278601,0.8403948963450157,0.5825240199353507,0.9995600182814859
1,manhattan,1.0,baseline,80,5,1.0119724788822484,0.8055364313915098,0.6711205372923293,0.7122233875941255
1,manhattan,1.0,baseline,80,10,1.0119724788822484,0.8055364313915098,0.6304044841690654,0.8747309656981669
1,manhattan,1.0,baseline,80,15,1.0119724788822484,0.8055364313915098,0.6085476736059982,0.9423668763993374
1,manhattan,1.0,baseline,80,20,1.0119724788822484,0.8055364313915098,0.5963502808351933,0.9728733931266745
1,manhattan,1.0,baseline,80,25,1.0119724788822484,0.8055364313915098,0.5898512715223152,0.987786121113839
1,manhattan,1.0,baseline,80,30,1.0119724788822484,0.8055364313915098,0.5857203764885789,0.9940462663689614
1,manhattan,1.0,baseline,80,35,1.0119724788822484,0.8055364313915098,0.5840734164821099,0.9973025167826244
1,manhattan,1.0,baseline,80,40,1.0119724788822484,0.8055364313915098,0.5832678248870445,0.9989355961963372
1,manhattan,1.0,baseline,80,45,1.0119724788822484,0.8055364313915098,0.582911932055141,0.9995777765731474
1,manhattan,1.0,baseline,80,50,1.0119724788822484,0.8055364313915098,0.5826088555663158,0.9997496706863737
1,manhattan,2.2000000000000006,optimized,90,5,1.0632042705499263,0.8399667196715301,0.6539413220219158,0.7008526534446003
1,manhattan,2.2000000000000006,optimized,90,10,1.0632042705499263,0.8399667196715301,0.6231934555370399,0.8677919329667707
1,manhattan,2.2000000000000006,optimized,90,15,1.0632042705499263,0.8399667196715301,0.6044472847760228,0.935518439265876
1,manhattan,2.2000000000000006,optimized,90,20,1.0632042705499263,0.8399667196715301,0.5947065904852462,0.9704000603585469
1,manhattan,2.2000000000000006,optimized,90,25,1.0632042705499263,0.8399667196715301,0.5884514836113927,0.985575386625145
1,manhattan,2.2000000000000006,optimized,90,30,1.0632042705499263,0.8399667196715301,0.5855436355907352,0.993616103460257
1,manhattan,2.2000000000000006,optimized,90,35,1.0632042705499263,0.8399667196715301,0.5838916258443275,0.9969779112763539
1,manhattan,2.2000000000000006,optimized,90,40,1.0632042705499263,0.8399667196715301,0.5831087580789852,0.998643013480607
1,manhattan,2.2000000000000006,optimized,90,45,1.0632042705499263,0.8399667196715301,0.5828176702429577,0.9993927367115484
1,manhattan,2.2000000000000006,optimized,90,50,1.0632042705499263,0.8399667196715301,0.5825240199353507,0.9995600182814859
1,manhattan,1.0,baseline,90,5,1.0118669444488242,0.8056069209118718,0.6715447154471544,0.7113964051478988
1,manhattan,1.0,baseline,90,10,1.0118669444488242,0.8056069209118718,0.6307226177851841,0.8754705369232689
1,manhattan,1.0,baseline,90,15,1.0118669444488242,0.8056069209118718,0.6084062808877231,0.9421634601537913
1,manhattan,1.0,baseline,90,20,1.0118669444488242,0.8056069209118718,0.5962972585658401,0.9728839116892568
1,manhattan,1.0,baseline,90,25,1.0118669444488242,0.8056069209118718,0.5898512715223152,0.987765390354575
1,manhattan,1.0,baseline,90,30,1.0118669444488242,0.8056069209118718,0.5857203764885789,0.9940959500495284
1,manhattan,1.0,baseline,90,35,1.0118669444488242,0.8056069209118718,0.5840734164821099,0.9973025167826244
1,manhattan,1.0,baseline,90,40,1.0118669444488242,0.8056069209118718,0.5832678248870445,0.9989355961963372
1,manhattan,1.0,baseline,90,45,1.0118669444488242,0.8056069209118718,0.582911932055141,0.9995777765731474
1,manhattan,1.0,baseline,90,50,1.0118669444488242,0.8056069209118718,0.5825876466585745,0.9997116940799632
1,manhattan,2.250000000000001,optimized,100,5,1.0661226905495702,0.8419577762966451,0.6528808766348534,0.6999458589419907
1,manhattan,2.250000000000001,optimized,100,10,1.0661226905495702,0.8419577762966451,0.6229813664596273,0.8674909877270461
1,manhattan,2.250000000000001,optimized,100,15,1.0661226905495702,0.8419577762966451,0.6043765884168854,0.9354564927281586
1,manhattan,2.250000000000001,optimized,100,20,1.0661226905495702,0.8419577762966451,0.5946005459465401,0.9702786525411263
1,manhattan,2.250000000000001,optimized,100,25,1.0661226905495702,0.8419577762966451,0.5884514836113925,0.9856160758462992
1,manhattan,2.250000000000001,optimized,100,30,1.0661226905495702,0.8419577762966451,0.5855082874111665,0.9935374376326925
1,manhattan,2.250000000000001,optimized,100,35,1.0661226905495702,0.8419577762966451,0.5838916258443275,0.9969779112763539
1,manhattan,2.250000000000001,optimized,100,40,1.0661226905495702,0.8419577762966451,0.5830822469443087,0.9985643476530426
1,manhattan,2.250000000000001,optimized,100,45,1.0661226905495702,0.8419577762966451,0.5828176702429577,0.9993927367115484
1,manhattan,2.250000000000001,optimized,100,50,1.0661226905495702,0.8419577762966451,0.5825240199353507,0.9995600182814859
1,manhattan,1.0,baseline,100,5,1.011849922367976,0.8057135950033254,0.6721809826793919,0.711828635647158
1,manhattan,1.0,baseline,100,10,1.011849922367976,0.8057135950033254,0.6310407514013028,0.8757273541177643
1,manhattan,1.0,baseline,100,15,1.011849922367976,0.8057135950033254,0.608547673605998,0.9422545998546181
1,manhattan,1.0,baseline,100,20,1.011849922367976,0.8057135950033254,0.5964563253738996,0.9731060350317546
1,manhattan,1.0,baseline,100,25,1.011849922367976,0.8057135950033254,0.5898512715223152,0.987765390354575
1,manhattan,1.0,baseline,100,30,1.011849922367976,0.8057135950033254,0.5857203764885789,0.9940894056937549
1,manhattan,1.0,baseline,100,35,1.011849922367976,0.8057135950033254,0.5840734164821099,0.9973025167826244
1,manhattan,1.0,baseline,100,40,1.011849922367976,0.8057135950033254,0.5832678248870445,0.9989355961963372
1,manhattan,1.0,baseline,100,45,1.011849922367976,0.8057135950033254,0.582911932055141,0.9995777765731474
1,manhattan,1.0,baseline,100,50,1.011849922367976,0.8057135950033254,0.5826088555663158,0.9997496706863737
1,ipwr,1.0,optimized,10,5,0.9760772307473613,0.7761599541136962,0.673453517143867,0.7097611159059137
1,ipwr,1.0,optimized,10,10,0.9760772307473613,0.7761599541136962,0.6299803060142402,0.8737720282156612
1,ipwr,1.0,optimized,10,15,0.9760772307473613,0.7761599541136962,0.6091839408382356,0.9414951644108418
1,ipwr,1.0,optimized,10,20,0.9760772307473613,0.7761599541136962,0.5969865480674309,0.9733550611752765
1,ipwr,1.0,optimized,10,25,0.9760772307473613,0.7761599541136962,0.5899361071532803,0.9879860116539116
1,ipwr,1.0,optimized,10,30,0.9760772307473613,0.7761599541136962,0.5858264210272851,0.9943191337905268
1,ipwr,1.0,optimized,10,35,0.9760772307473613,0.7761599541136962,0.5841037149217402,0.9973970040254495
1,ipwr,1.0,optimized,10,40,0.9760772307473613,0.7761599541136962,0.583055735809632,0.9984981732000773
1,ipwr,1.0,optimized,10,45,0.9760772307473613,0.7761599541136962,0.5827469738838201,0.9991205966575138
1,ipwr,1.0,optimized,10,50,0.9760772307473613,0.7761599541136962,0.582545228843092,0.9995242710709983
1,ipwr,1.0,baseline,10,5,0.9760772307473613,0.7761599541136962,0.673453517143867,0.7097611159059137
1,ipwr,1.0,baseline,10,10,0.9760772307473613,0.7761599541136962,0.6299803060142402,0.8737720282156612
1,ipwr,1.0,baseline,10,15,0.9760772307473613,0.7761599541136962,0.6091839408382356,0.9414951644108418
1,ipwr,1.0,baseline,10,20,0.9760772307473613,0.7761599541136962,0.5969865480674309,0.9733550611752765
1,ipwr,1.0,baseline,10,25,0.9760772307473613,0.7761599541136962,0.5899361071532803,0.9879860116539116
1,ipwr,1.0,baseline,10,30,0.9760772307473613,0.7761599541136962,0.5858264210272851,0.9943191337905268
1,ipwr,1.0,baseline,10,35,0.9760772307473613,0.7761599541136962,0.5841037149217402,0.9973970040254495
1,ipwr,1.0,baseline,10,40,0.9760772307473613,0.7761599541136962,0.583055735809632,0.9984981732000773
1,ipwr,1.0,baseline,10,45,0.9760772307473613,0.7761599541136962,0.5827469738838201,0.9991205966575138
1,ipwr,1.0,baseline,10,50,0.9760772307473613,0.7761599541136962,0.582545228843092,0.9995242710709983
1,ipwr,1.0000000000000004,optimized,20,5,0.9627991823031438,0.766901528991405,0.6785436550017673,0.7166011553719404
1,ipwr,1.0000000000000004,optimized,20,10,0.9627991823031438,0.766901528991405,0.6317830631722466,0.8756039475072623
1,ipwr,1.0000000000000004,optimized,20,15,0.9627991823031438,0.766901528991405,0.6096788153521981,0.9429626140840098
1,ipwr,1.0000000000000004,optimized,20,20,0.9627991823031438,0.766901528991405,0.5973046816835496,0.9741418467014156
1,ipwr,1.0000000000000004,optimized,20,25,0.9627991823031438,0.766901528991405,0.5902330318616578,0.9883063061566199
1,ipwr,1.0000000000000004,optimized,20,30,0.9627991823031438,0.766901528991405,0.5860031619251289,0.9945319793586883
1,ipwr,1.0000000000000004,optimized,20,35,0.9627991823031438,0.766901528991405,0.5841037149217402,0.9973293270678668
1,ipwr,1.0000000000000004,optimized,20,40,0.9627991823031438,0.766901528991405,0.5831352692136618,0.9985845462763134
1,ipwr,1.0000000000000004,optimized,20,45,0.9627991823031438,0.766901528991405,0.5828412356960034,0.9993703658765981
1,ipwr,1.0000000000000004,optimized,20,50,0.9627991823031438,0.766901528991405,0.5826088555663158,0.9996849413288886
1,ipwr,1.0,baseline,20,5,0.9627991823031438,0.7669015289914048,0.6785436550017673,0.7166011553719404
1,ipwr,1.0,baseline,20,10,0.9627991823031438,0.7669015289914048,0.6317830631722466,0.8756039475072623
1,ipwr,1.0,baseline,20,15,0.9627991823031438,0.7669015289914048,0.6096788153521981,0.9429626140840098
1,ipwr,1.0,baseline,20,20,0.9627991823031438,0.7669015289914048,0.5973046816835496,0.9741418467014156
1,ipwr,1.0,baseline,20,25,0.9627991823031438,0.7669015289914048,0.5902330318616578,0.9883063061566199
1,ipwr,1.0,baseline,20,30,0.9627991823031438,0.7669015289914048,0.5860031619251289,0.9945319793586883
1,ipwr,1.0,baseline,20,35,0.9627991823031438,0.7669015289914048,0.5841037149217402,0.9973293270678668
1,ipwr,1.0,baseline,20,40,0.9627991823031438,0.7669015289914048,0.5831352692136618,0.9985845462763134
1,ipwr,1.0,baseline,20,45,0.9627991823031438,0.7669015289914048,0.5828412356960034,0.9993703658765981
1,ipwr,1.0,baseline,20,50,0.9627991823031438,0.7669015289914048,0.5826088555663158,0.9996849413288886
1,ipwr,1.0,optimized,30,5,0.9616636553224388,0.7672039033501428,0.6785436550017674,0.7181611954541892
1,ipwr,1.0,optimized,30,10,0.9616636553224388,0.7672039033501428,0.6325253749431904,0.8756095610466338
1,ipwr,1.0,optimized,30,15,0.9616636553224388,0.7672039033501428,0.6102443862252982,0.9438897216457319
1,ipwr,1.0,optimized,30,20,0.9616636553224388,0.7672039033501428,0.5977818821077276,0.9747842313972731
1,ipwr,1.0,optimized,30,25,0.9616636553224388,0.7672039033501428,0.5901057784152103,0.9881800826755711
1,ipwr,1.0,optimized,30,30,0.9616636553224388,0.7672039033501428,0.585861769206854,0.9942015399357713
1,ipwr,1.0,optimized,30,35,0.9616636553224388,0.7672039033501428,0.5839522227235883,0.9970577026151897
1,ipwr,1.0,optimized,30,40,0.9616636553224388,0.7672039033501428,0.5831617803483383,0.9986753395784086
1,ipwr,1.0,optimized,30,45,0.9616636553224388,0.7672039033501428,0.5828883666020952,0.999493059528078
1,ipwr,1.0,optimized,30,50,0.9616636553224388,0.7672039033501428,0.5826088555663158,0.9997346250094558
1,ipwr,1.0,baseline,30,5,0.9616636553224388,0.7672039033501428,0.6785436550017674,0.7181611954541892
1,ipwr,1.0,baseline,30,10,0.9616636553224388,0.7672039033501428,0.6325253749431904,0.8756095610466338
1,ipwr,1.0,baseline,30,15,0.9616636553224388,0.7672039033501428,0.6102443862252982,0.9438897216457319
1,ipwr,1.0,baseline,30,20,0.9616636553224388,0.7672039033501428,0.5977818821077276,0.9747842313972731
1,ipwr,1.0,baseline,30,25,0.9616636553224388,0.7672039033501428,0.5901057784152103,0.9881800826755711
1,ipwr,1.0,baseline,30,30,0.9616636553224388,0.7672039033501428,0.585861769206854,0.9942015399357713
1,ipwr,1.0,baseline,30,35,0.9616636553224388,0.7672039033501428,0.5839522227235883,0.9970577026151897
1,ipwr,1.0,baseline,30,40,0.9616636553224388,0.7672039033501428,0.5831617803483383,0.9986753395784086
1,ipwr,1.0,baseline,30,45,0.9616636553224388,0.7672039033501428,0.5828883666020952,0.999493059528078
1,ipwr,1.0,baseline,30,50,0.9616636553224388,0.7672039033501428,0.5826088555663158,0.9997346250094558
1,ipwr,1.0,optimized,40,5,0.9614409246609488,0.7675862884574385,0.6776952986921173,0.7172483205083804
1,ipwr,1.0,optimized,40,10,0.9614409246609488,0.7675862884574385,0.6332676867141342,0.876564826922054
1,ipwr,1.0,optimized,40,15,0.9614409246609488,0.7675862884574385,0.6111634388940858,0.9447286394610308
1,ipwr,1.0,optimized,40,20,0.9614409246609488,0.7675862884574385,0.5976228152996684,0.9744741730925811
1,ipwr,1.0,optimized,40,25,0.9614409246609488,0.7675862884574385,0.5899785249687626,0.9879474570117562
1,ipwr,1.0,optimized,40,30,0.9614409246609488,0.7675862884574385,0.5856496801294414,0.9939250511175046
1,ipwr,1.0,optimized,40,35,0.9614409246609488,0.7675862884574385,0.5840128196028491,0.9972113232326961
1,ipwr,1.0,optimized,40,40,0.9614409246609488,0.7675862884574385,0.5831882914830149,0.9987176981009434
1,ipwr,1.0,optimized,40,45,0.9614409246609488,0.7675862884574385,0.5829119320551411,0.9995717253556425
1,ipwr,1.0,optimized,40,50,0.9614409246609488,0.7675862884574385,0.5826088555663158,0.9997346250094558
1,ipwr,1.0,baseline,40,5,0.9614409246609488,0.7675862884574385,0.6776952986921173,0.7172483205083804
1,ipwr,1.0,baseline,40,10,0.9614409246609488,0.7675862884574385,0.6332676867141342,0.876564826922054
1,ipwr,1.0,baseline,40,15,0.9614409246609488,0.7675862884574385,0.6111634388940858,0.9447286394610308
1,ipwr,1.0,baseline,40,20,0.9614409246609488,0.7675862884574385,0.5976228152996684,0.9744741730925811
1,ipwr,1.0,baseline,40,25,0.9614409246609488,0.7675862884574385,0.5899785249687626,0.9879474570117562
1,ipwr,1.0,baseline,40,30,0.9614409246609488,0.7675862884574385,0.5856496801294414,0.9939250511175046
1,ipwr,1.0,baseline,40,35,0.9614409246609488,0.7675862884574385,0.5840128196028491,0.9972113232326961
1,ipwr,1.0,baseline,40,40,0.9614409246609488,0.7675862884574385,0.5831882914830149,0.9987176981009434
1,ipwr,1.0,baseline,40,45,0.9614409246609488,0.7675862884574385,0.5829119320551411,0.9995717253556425
1,ipwr,1.0,baseline,40,50,0.9614409246609488,0.7675862884574385,0.5826088555663158,0.9997346250094558
1,ipwr,1.0,optimized,50,5,0.9619412168149624,0.7682463795175211,0.6766348533050547,0.7164472873911708
1,ipwr,1.0,optimized,50,10,0.9619412168149624,0.7682463795175211,0.6322072413270716,0.875079868763362
1,ipwr,1.0,optimized,50,15,0.9619412168149624,0.7682463795175211,0.6108806534575358,0.944436728631043
1,ipwr,1.0,optimized,50,20,0.9619412168149624,0.7682463795175211,0.597834904377081,0.9750051167082513
1,ipwr,1.0,optimized,50,25,0.9619412168149624,0.7682463795175211,0.5899785249687627,0.9880700307378284
1,ipwr,1.0,optimized,50,30,0.9619412168149624,0.7682463795175211,0.5857557246681476,0.9940590452437895
1,ipwr,1.0,optimized,50,35,0.9619412168149624,0.7682463795175211,0.5840734164821098,0.9973257775294191
1,ipwr,1.0,optimized,50,40,0.9619412168149624,0.7682463795175211,0.583241313752368,0.9988313972930104
1,ipwr,1.0,optimized,50,45,0.9619412168149624,0.7682463795175211,0.5829354975081869,0.999609701962053
1,ipwr,1.0,optimized,50,50,0.9619412168149624,0.7682463795175211,0.5826088555663158,0.9997346250094558
1,ipwr,1.0,baseline,50,5,0.9619412168149624,0.7682463795175211,0.6766348533050547,0.7164472873911708
1,ipwr,1.0,baseline,50,10,0.9619412168149624,0.7682463795175211,0.6322072413270716,0.875079868763362
1,ipwr,1.0,baseline,50,15,0.9619412168149624,0.7682463795175211,0.6108806534575358,0.944436728631043
1,ipwr,1.0,baseline,50,20,0.9619412168149624,0.7682463795175211,0.597834904377081,0.9750051167082513
1,ipwr,1.0,baseline,50,25,0.9619412168149624,0.7682463795175211,0.5899785249687627,0.9880700307378284
1,ipwr,1.0,baseline,50,30,0.9619412168149624,0.7682463795175211,0.5857557246681476,0.9940590452437895
1,ipwr,1.0,baseline,50,35,0.9619412168149624,0.7682463795175211,0.5840734164821098,0.9973257775294191
1,ipwr,1.0,baseline,50,40,0.9619412168149624,0.7682463795175211,0.583241313752368,0.9988313972930104
1,ipwr,1.0,baseline,50,45,0.9619412168149624,0.7682463795175211,0.5829354975081869,0.999609701962053
1,ipwr,1.0,baseline,50,50,0.9619412168149624,0.7682463795175211,0.5826088555663158,0.9997346250094558
1,ipwr,1.0500000000000005,optimized,60,5,0.9620310611630146,0.7683419235562541,0.6768469423824672,0.7159527811236339
1,ipwr,1.0500000000000005,optimized,60,10,0.9620310611630146,0.7683419235562541,0.6322072413270716,0.8755239870020752
1,ipwr,1.0500000000000005,optimized,60,15,0.9620310611630146,0.7683419235562541,0.6110927425349483,0.9446551144757331
1,ipwr,1.0500000000000005,optimized,60,20,0.9620310611630146,0.7683419235562541,0.5975697930303152,0.9744500622511089
1,ipwr,1.0500000000000005,optimized,60,25,0.9620310611630146,0.7683419235562541,0.5899785249687627,0.9880909850635424
1,ipwr,1.0500000000000005,optimized,60,30,0.9620310611630146,0.7683419235562541,0.5856850283090101,0.9939944720294365
1,ipwr,1.0500000000000005,optimized,60,35,0.9620310611630146,0.7683419235562541,0.5840734164821098,0.997297734618667
1,ipwr,1.0500000000000005,optimized,60,40,0.9620310611630146,0.7683419235562541,0.5832678248870445,0.9988693738994208
1,ipwr,1.0500000000000005,optimized,60,45,0.9620310611630146,0.7683419235562541,0.582911932055141,0.9995249849169835
1,ipwr,1.0500000000000005,optimized,60,50,0.9620310611630146,0.7683419235562541,0.5826088555663158,0.9997346250094558
1,ipwr,1.0,baseline,60,5,0.9622756182210284,0.7685760807640236,0.6759985860728173,0.7155814646165071
1,ipwr,1.0,baseline,60,10,0.9622756182210284,0.7685760807640236,0.6324193304044842,0.8757264358230132
1,ipwr,1.0,baseline,60,15,0.9622756182210284,0.7685760807640236,0.6109513498166733,0.9445076160490498
1,ipwr,1.0,baseline,60,20,0.9622756182210284,0.7685760807640236,0.5975697930303152,0.9745411336706536
1,ipwr,1.0,baseline,60,25,0.9622756182210284,0.7685760807640236,0.5899785249687627,0.9880909850635424
1,ipwr,1.0,baseline,60,30,0.9622756182210284,0.7685760807640236,0.5856850283090101,0.9939944720294365
1,ipwr,1.0,baseline,60,35,0.9622756182210284,0.7685760807640236,0.5840734164821098,0.997297734618667
1,ipwr,1.0,baseline,60,40,0.9622756182210284,0.7685760807640236,0.5832678248870445,0.9988693738994208
1,ipwr,1.0,baseline,60,45,0.9622756182210284,0.7685760807640236,0.5829354975081869,0.999609701962053
1,ipwr,1.0,baseline,60,50,0.9622756182210284,0.7685760807640236,0.5826088555663158,0.9997346250094558
1,ipwr,1.1500000000000006,optimized,70,5,0.9621555217450936,0.7685575577080361,0.6793920113114176,0.7171556047253098
1,ipwr,1.1500000000000006,optimized,70,10,0.9621555217450936,0.7685575577080361,0.6335858203302529,0.876814233429177
1,ipwr,1.1500000000000006,optimized,70,15,0.9621555217450936,0.7685575577080361,0.6108806534575357,0.944277750284833
1,ipwr,1.1500000000000006,optimized,70,20,0.9621555217450936,0.7685575577080361,0.5976228152996684,0.9746527574977888
1,ipwr,1.1500000000000006,optimized,70,25,0.9621555217450936,0.7685575577080361,0.5898936893377977,0.9879115289276106
1,ipwr,1.1500000000000006,optimized,70,30,0.9621555217450936,0.7685575577080361,0.5857203764885789,0.9940385248928726
1,ipwr,1.1500000000000006,optimized,70,35,0.9621555217450936,0.7685575577080361,0.5840431180424794,0.9972553760961322
1,ipwr,1.1500000000000006,optimized,70,40,0.9621555217450936,0.7685575577080361,0.5831882914830149,0.9987583622825768
1,ipwr,1.1500000000000006,optimized,70,45,0.9621555217450936,0.7685575577080361,0.582911932055141,0.9995249849169835
1,ipwr,1.1500000000000006,optimized,70,50,0.9621555217450936,0.7685575577080361,0.5826300644740571,0.9997636071564532
1,ipwr,1.0,baseline,70,5,0.962935817506241,0.7693143376337979,0.6785436550017674,0.7169650479934825
1,ipwr,1.0,baseline,70,10,0.962935817506241,0.7693143376337979,0.6333737312528405,0.8778437035487612
1,ipwr,1.0,baseline,70,15,0.962935817506241,0.7693143376337979,0.6110220461758108,0.9444166789039379
1,ipwr,1.0,baseline,70,20,0.962935817506241,0.7693143376337979,0.5978879266464341,0.9750370061902047
1,ipwr,1.0,baseline,70,25,0.962935817506241,0.7693143376337979,0.5899361071532802,0.988010339143139
1,ipwr,1.0,baseline,70,30,0.962935817506241,0.7693143376337979,0.5857203764885789,0.9940385248928726
1,ipwr,1.0,baseline,70,35,0.962935817506241,0.7693143376337979,0.5840431180424794,0.9972960402777656
1,ipwr,1.0,baseline,70,40,0.962935817506241,0.7693143376337979,0.583241313752368,0.9988313972930104
1,ipwr,1.0,baseline,70,45,0.962935817506241,0.7693143376337979,0.5829354975081869,0.999609701962053
1,ipwr,1.0,baseline,70,50,0.962935817506241,0.7693143376337979,0.5826088555663158,0.9997346250094558
1,ipwr,1.2000000000000006,optimized,80,5,0.9623580660950165,0.7687655082689328,0.6779073877695299,0.7171271303851614
1,ipwr,1.2000000000000006,optimized,80,10,0.9623580660950165,0.7687655082689328,0.6330555976367217,0.8772323792896906
1,ipwr,1.2000000000000006,optimized,80,15,0.9623580660950165,0.7687655082689328,0.6110927425349482,0.9446583081085741
1,ipwr,1.2000000000000006,optimized,80,20,0.9623580660950165,0.7687655082689328,0.5976758375690215,0.974675486720031
1,ipwr,1.2000000000000006,optimized,80,25,0.9623580660950165,0.7687655082689328,0.5899785249687626,0.9880054792959418
1,ipwr,1.2000000000000006,optimized,80,30,0.9623580660950165,0.7687655082689328,0.5856496801294414,0.9939452913194626
1,ipwr,1.2000000000000006,optimized,80,35,0.9623580660950165,0.7687655082689328,0.5840431180424794,0.9972553760961322
1,ipwr,1.2000000000000006,optimized,80,40,0.9623580660950165,0.7687655082689328,0.5831617803483383,0.9986796964550121
1,ipwr,1.2000000000000006,optimized,80,45,0.9623580660950165,0.7687655082689328,0.582911932055141,0.9995249849169835
1,ipwr,1.2000000000000006,optimized,80,50,0.9623580660950165,0.7687655082689328,0.5826300644740571,0.9997636071564532
1,ipwr,1.0,baseline,80,5,0.9634654172357504,0.7698179649881773,0.6772711205372924,0.7166659568368097
1,ipwr,1.0,baseline,80,10,0.9634654172357504,0.7698179649881773,0.6329495530980154,0.8770740310084477
1,ipwr,1.0,baseline,80,15,0.9634654172357504,0.7698179649881773,0.6109513498166733,0.9444751534818884
1,ipwr,1.0,baseline,80,20,0.9634654172357504,0.7698179649881773,0.5979939711851402,0.975120919944997
1,ipwr,1.0,baseline,80,25,0.9634654172357504,0.7698179649881773,0.5898936893377977,0.9879122457225321
1,ipwr,1.0,baseline,80,30,0.9634654172357504,0.7698179649881773,0.5856850283090101,0.9939977352045056
1,ipwr,1.0,baseline,80,35,0.9634654172357504,0.7698179649881773,0.5840431180424794,0.9972753095185015
1,ipwr,1.0,baseline,80,40,0.9634654172357504,0.7698179649881773,0.5832148026176914,0.9987527314654457
1,ipwr,1.0,baseline,80,45,0.9634654172357504,0.7698179649881773,0.5829354975081869,0.999609701962053
1,ipwr,1.0,baseline,80,50,0.9634654172357504,0.7698179649881773,0.5826088555663158,0.9997346250094558
1,ipwr,1.2500000000000007,optimized,90,5,0.9627073467872601,0.7690498768206089,0.6772711205372923,0.7159697173747749
1,ipwr,1.2500000000000007,optimized,90,10,0.9627073467872601,0.7690498768206089,0.6329495530980154,0.8770768997400912
1,ipwr,1.2500000000000007,optimized,90,15,0.9627073467872601,0.7690498768206089,0.6105978680209857,0.9441073706628638
1,ipwr,1.2500000000000007,optimized,90,20,0.9627073467872601,0.7690498768206089,0.5977818821077278,0.9745092874396626
1,ipwr,1.2500000000000007,optimized,90,25,0.9627073467872601,0.7690498768206089,0.5901906140461752,0.9882989491067738
1,ipwr,1.2500000000000007,optimized,90,30,0.9627073467872601,0.7690498768206089,0.5856850283090101,0.9939977352045056
1,ipwr,1.2500000000000007,optimized,90,35,0.9627073467872601,0.7690498768206089,0.5840734164821098,0.997297734618667
1,ipwr,1.2500000000000007,optimized,90,40,0.9627073467872601,0.7690498768206089,0.5831617803483383,0.9986796964550121
1,ipwr,1.2500000000000007,optimized,90,45,0.9627073467872601,0.7690498768206089,0.582911932055141,0.9995249849169835
1,ipwr,1.2500000000000007,optimized,90,50,0.9627073467872601,0.7690498768206089,0.5826300644740571,0.9997636071564532
1,ipwr,1.0,baseline,90,5,0.9641990353969109,0.7704322583285863,0.6774832096147049,0.7166572931565427
1,ipwr,1.0,baseline,90,10,0.9641990353969109,0.7704322583285863,0.6327374640206029,0.877086491081634
1,ipwr,1.0,baseline,90,15,0.9641990353969109,0.7704322583285863,0.6108806534575358,0.9444496855711061
1,ipwr,1.0,baseline,90,20,0.9641990353969109,0.7704322583285863,0.5980469934544934,0.975269005123292
1,ipwr,1.0,baseline,90,25,0.9641990353969109,0.7704322583285863,0.5900633605997276,0.9881409319106638
1,ipwr,1.0,baseline,90,30,0.9641990353969109,0.7704322583285863,0.5856850283090101,0.9939977352045056
1,ipwr,1.0,baseline,90,35,0.9641990353969109,0.7704322583285863,0.5840734164821098,0.9973400931412018
1,ipwr,1.0,baseline,90,40,0.9641990353969109,0.7704322583285863,0.5832148026176914,0.9987527314654457
1,ipwr,1.0,baseline,90,45,0.9641990353969109,0.7704322583285863,0.5829354975081869,0.999609701962053
1,ipwr,1.0,baseline,90,50,0.9641990353969109,0.7704322583285863,0.5826088555663158,0.9997346250094558
1,ipwr,1.2500000000000002,optimized,100,5,0.9630417962883266,0.769514598020567,0.6785436550017674,0.7169447718305852
1,ipwr,1.2500000000000002,optimized,100,10,0.9630417962883266,0.769514598020567,0.6328435085593092,0.8772353765602681
1,ipwr,1.2500000000000002,optimized,100,15,0.9630417962883266,0.769514598020567,0.6104564753027107,0.9438746337339433
1,ipwr,1.2500000000000002,optimized,100,20,0.9630417962883266,0.769514598020567,0.5977818821077278,0.9745014314730772
1,ipwr,1.2500000000000002,optimized,100,25,0.9630417962883266,0.769514598020567,0.5900633605997277,0.9881724410880008
1,ipwr,1.2500000000000002,optimized,100,30,0.9630417962883266,0.769514598020567,0.5856850283090101,0.9939879019760602
1,ipwr,1.2500000000000002,optimized,100,35,0.9630417962883266,0.769514598020567,0.5840734164821098,0.997297734618667
1,ipwr,1.2500000000000002,optimized,100,40,0.9630417962883266,0.769514598020567,0.5831617803483383,0.9986796964550121
1,ipwr,1.2500000000000002,optimized,100,45,0.9630417962883266,0.769514598020567,0.582911932055141,0.9995249849169835
1,ipwr,1.2500000000000002,optimized,100,50,0.9630417962883266,0.769514598020567,0.5826300644740571,0.9997636071564532
1,ipwr,1.0,baseline,100,5,0.9646370950649278,0.7709870138160729,0.6779073877695299,0.716777522902323
1,ipwr,1.0,baseline,100,10,0.9646370950649278,0.7709870138160729,0.633161642175428,0.8775581071954263
1,ipwr,1.0,baseline,100,15,0.9646370950649278,0.7709870138160729,0.6105978680209857,0.9440908416885415
1,ipwr,1.0,baseline,100,20,0.9646370950649278,0.7709870138160729,0.5978879266464341,0.9749688857904517
1,ipwr,1.0,baseline,100,25,0.9646370950649278,0.7709870138160729,0.5902330318616577,0.988492341535849
1,ipwr,1.0,baseline,100,30,0.9646370950649278,0.7709870138160729,0.5856496801294414,0.9939092361484956
1,ipwr,1.0,baseline,100,35,0.9646370950649278,0.7709870138160729,0.5841037149217402,0.9973824516637365
1,ipwr,1.0,baseline,100,40,0.9646370950649278,0.7709870138160729,0.5832148026176914,0.9987527314654457
1,ipwr,1.0,baseline,100,45,0.9646370950649278,0.7709870138160729,0.5829354975081869,0.999609701962053
1,ipwr,1.0,baseline,100,50,0.9646370950649278,0.7709870138160729,0.5826088555663158,0.9997346250094558
1,itr,1.0,optimized,10,5,1.0930917056505138,0.8664544269576239,0.6687875574407918,0.7129419227162016
1,itr,1.0,optimized,10,10,1.0930917056505138,0.8664544269576239,0.6293440387820027,0.874811406930004
1,itr,1.0,optimized,10,15,1.0930917056505138,0.8664544269576239,0.6079114063737606,0.9420005516378431
1,itr,1.0,optimized,10,20,1.0930917056505138,0.8664544269576239,0.5963502808351933,0.9732450759265733
1,itr,1.0,optimized,10,25,1.0930917056505138,0.8664544269576239,0.5897664358913501,0.9878701027124009
1,itr,1.0,optimized,10,30,1.0930917056505138,0.8664544269576239,0.5859678137455602,0.9945883168331097
1,itr,1.0,optimized,10,35,1.0930917056505138,0.8664544269576239,0.5840734164821099,0.9972572573670618
1,itr,1.0,optimized,10,40,1.0930917056505138,0.8664544269576239,0.5832413137523679,0.9988284290115815
1,itr,1.0,optimized,10,45,1.0930917056505138,0.8664544269576239,0.582911932055141,0.9995280928925804
1,itr,1.0,optimized,10,50,1.0930917056505138,0.8664544269576239,0.5826300644740571,0.9997786528333711
1,itr,1.0,baseline,10,5,1.0930917056505138,0.8664544269576239,0.6687875574407918,0.7129419227162016
1,itr,1.0,baseline,10,10,1.0930917056505138,0.8664544269576239,0.6293440387820027,0.874811406930004
1,itr,1.0,baseline,10,15,1.0930917056505138,0.8664544269576239,0.6079114063737606,0.9420005516378431
1,itr,1.0,baseline,10,20,1.0930917056505138,0.8664544269576239,0.5963502808351933,0.9732450759265733
1,itr,1.0,baseline,10,25,1.0930917056505138,0.8664544269576239,0.5897664358913501,0.9878701027124009
1,itr,1.0,baseline,10,30,1.0930917056505138,0.8664544269576239,0.5859678137455602,0.9945883168331097
1,itr,1.0,baseline,10,35,1.0930917056505138,0.8664544269576239,0.5840734164821099,0.9972572573670618
1,itr,1.0,baseline,10,40,1.0930917056505138,0.8664544269576239,0.5832413137523679,0.9988284290115815
1,itr,1.0,baseline,10,45,1.0930917056505138,0.8664544269576239,0.582911932055141,0.9995280928925804
1,itr,1.0,baseline,10,50,1.0930917056505138,0.8664544269576239,0.5826300644740571,0.9997786528333711
1,itr,1.0,optimized,20,5,1.0498745052845735,0.8313165432008358,0.6781194768469423,0.7204910333125985
1,itr,1.0,optimized,20,10,1.0498745052845735,0.8313165432008358,0.6327374640206029,0.878180598924006
1,itr,1.0,optimized,20,15,1.0498745052845735,0.8313165432008358,0.6092546371973732,0.9435571901853421
1,itr,1.0,optimized,20,20,1.0498745052845735,0.8313165432008358,0.5971986371448434,0.9743093546835451
1,itr,1.0,optimized,20,25,1.0498745052845735,0.8313165432008358,0.5899785249687626,0.987996467600639
1,itr,1.0,optimized,20,30,1.0498745052845735,0.8313165432008358,0.5859678137455602,0.9945192178825851
1,itr,1.0,optimized,20,35,1.0498745052845735,0.8313165432008358,0.5842249086802616,0.9975513399369706
1,itr,1.0,optimized,20,40,1.0498745052845735,0.8313165432008358,0.5832943360217212,0.9989372654977179
1,itr,1.0,optimized,20,45,1.0498745052845735,0.8313165432008358,0.5829354975081869,0.9996067587201449
1,itr,1.0,optimized,20,50,1.0498745052845735,0.8313165432008358,0.5826088555663158,0.9997496706863737
1,itr,1.0,baseline,20,5,1.0498745052845735,0.8313165432008358,0.6781194768469423,0.7204910333125985
1,itr,1.0,baseline,20,10,1.0498745052845735,0.8313165432008358,0.6327374640206029,0.878180598924006
1,itr,1.0,baseline,20,15,1.0498745052845735,0.8313165432008358,0.6092546371973732,0.9435571901853421
1,itr,1.0,baseline,20,20,1.0498745052845735,0.8313165432008358,0.5971986371448434,0.9743093546835451
1,itr,1.0,baseline,20,25,1.0498745052845735,0.8313165432008358,0.5899785249687626,0.987996467600639
1,itr,1.0,baseline,20,30,1.0498745052845735,0.8313165432008358,0.5859678137455602,0.9945192178825851
1,itr,1.0,baseline,20,35,1.0498745052845735,0.8313165432008358,0.5842249086802616,0.9975513399369706
1,itr,1.0,baseline,20,40,1.0498745052845735,0.8313165432008358,0.5832943360217212,0.9989372654977179
1,itr,1.0,baseline,20,45,1.0498745052845735,0.8313165432008358,0.5829354975081869,0.9996067587201449
1,itr,1.0,baseline,20,50,1.0498745052845735,0.8313165432008358,0.5826088555663158,0.9997496706863737
1,itr,1.0,optimized,30,5,1.0313805484464902,0.8171856701073491,0.6766348533050547,0.7172930490135175
1,itr,1.0,optimized,30,10,1.0313805484464902,0.8171856701073491,0.6339039539463718,0.8785216733805453
1,itr,1.0,optimized,30,15,1.0313805484464902,0.8171856701073491,0.6094667262747857,0.9438153364322677
1,itr,1.0,optimized,30,20,1.0313805484464902,0.8171856701073491,0.5974107262222559,0.9744734123077288
1,itr,1.0,optimized,30,25,1.0313805484464902,0.8171856701073491,0.5904027031235878,0.9887009763556552
1,itr,1.0,optimized,30,30,1.0313805484464902,0.8171856701073491,0.5859678137455602,0.9945072171687585
1,itr,1.0,optimized,30,35,1.0313805484464902,0.8171856701073491,0.5841037149217402,0.9973144443865001
1,itr,1.0,optimized,30,40,1.0313805484464902,0.8171856701073491,0.5832943360217212,0.9989372654977179
1,itr,1.0,optimized,30,45,1.0313805484464902,0.8171856701073491,0.582911932055141,0.9995777765731474
1,itr,1.0,optimized,30,50,1.0313805484464902,0.8171856701073491,0.5826300644740571,0.9998283365139382
1,itr,1.0,baseline,30,5,1.0313805484464902,0.8171856701073491,0.6766348533050547,0.7172930490135175
1,itr,1.0,baseline,30,10,1.0313805484464902,0.8171856701073491,0.6339039539463718,0.8785216733805453
1,itr,1.0,baseline,30,15,1.0313805484464902,0.8171856701073491,0.6094667262747857,0.9438153364322677
1,itr,1.0,baseline,30,20,1.0313805484464902,0.8171856701073491,0.5974107262222559,0.9744734123077288
1,itr,1.0,baseline,30,25,1.0313805484464902,0.8171856701073491,0.5904027031235878,0.9887009763556552
1,itr,1.0,baseline,30,30,1.0313805484464902,0.8171856701073491,0.5859678137455602,0.9945072171687585
1,itr,1.0,baseline,30,35,1.0313805484464902,0.8171856701073491,0.5841037149217402,0.9973144443865001
1,itr,1.0,baseline,30,40,1.0313805484464902,0.8171856701073491,0.5832943360217212,0.9989372654977179
1,itr,1.0,baseline,30,45,1.0313805484464902,0.8171856701073491,0.582911932055141,0.9995777765731474
1,itr,1.0,baseline,30,50,1.0313805484464902,0.8171856701073491,0.5826300644740571,0.9998283365139382
1,itr,1.0,optimized,40,5,1.0225296964817285,0.8104774486690836,0.6772711205372924,0.7177531727342009
1,itr,1.0,optimized,40,10,1.0225296964817285,0.8104774486690836,0.6328435085593093,0.8774115190993179
1,itr,1.0,optimized,40,15,1.0225296964817285,0.8104774486690836,0.6103857789435733,0.944575677213137
1,itr,1.0,optimized,40,20,1.0225296964817285,0.8104774486690836,0.5973046816835494,0.9740370844332777
1,itr,1.0,optimized,40,25,1.0225296964817285,0.8104774486690836,0.5900209427842453,0.9880817669581086
1,itr,1.0,optimized,40,30,1.0225296964817285,0.8104774486690836,0.5860385101046975,0.9946000753020238
1,itr,1.0,optimized,40,35,1.0225296964817285,0.8104774486690836,0.5840431180424794,0.9972167462365439
1,itr,1.0,optimized,40,40,1.0225296964817285,0.8104774486690836,0.5832678248870445,0.9989082833507205
1,itr,1.0,optimized,40,45,1.0225296964817285,0.8104774486690836,0.5829354975081869,0.9996564424007119
1,itr,1.0,optimized,40,50,1.0225296964817285,0.8104774486690836,0.5826512733817983,0.9998573186609357
1,itr,1.0,baseline,40,5,1.0225296964817285,0.8104774486690836,0.6772711205372924,0.7177531727342009
1,itr,1.0,baseline,40,10,1.0225296964817285,0.8104774486690836,0.6328435085593093,0.8774115190993179
1,itr,1.0,baseline,40,15,1.0225296964817285,0.8104774486690836,0.6103857789435733,0.944575677213137
1,itr,1.0,baseline,40,20,1.0225296964817285,0.8104774486690836,0.5973046816835494,0.9740370844332777
1,itr,1.0,baseline,40,25,1.0225296964817285,0.8104774486690836,0.5900209427842453,0.9880817669581086
1,itr,1.0,baseline,40,30,1.0225296964817285,0.8104774486690836,0.5860385101046975,0.9946000753020238
1,itr,1.0,baseline,40,35,1.0225296964817285,0.8104774486690836,0.5840431180424794,0.9972167462365439
1,itr,1.0,baseline,40,40,1.0225296964817285,0.8104774486690836,0.5832678248870445,0.9989082833507205
1,itr,1.0,baseline,40,45,1.0225296964817285,0.8104774486690836,0.5829354975081869,0.9996564424007119
1,itr,1.0,baseline,40,50,1.0225296964817285,0.8104774486690836,0.5826512733817983,0.9998573186609357
1,itr,1.0,optimized,50,5,1.0168194057352127,0.8061796296417103,0.6766348533050548,0.7180354488410191
1,itr,1.0,optimized,50,10,1.0168194057352127,0.8061796296417103,0.6345402211786093,0.8792411108856945
1,itr,1.0,optimized,50,15,1.0168194057352127,0.8061796296417103,0.6105271716618482,0.9446330934310034
1,itr,1.0,optimized,50,20,1.0168194057352127,0.8061796296417103,0.5974107262222559,0.9743606750296467
1,itr,1.0,optimized,50,25,1.0168194057352127,0.8061796296417103,0.5901057784152103,0.988129843244757
1,itr,1.0,optimized,50,30,1.0168194057352127,0.8061796296417103,0.5860738582842663,0.9947309777449419
1,itr,1.0,optimized,50,35,1.0168194057352127,0.8061796296417103,0.5840431180424794,0.9972466826545769
1,itr,1.0,optimized,50,40,1.0168194057352127,0.8061796296417103,0.583241313752368,0.9988642555268049
1,itr,1.0,optimized,50,45,1.0168194057352127,0.8061796296417103,0.5829354975081869,0.9996564424007119
1,itr,1.0,optimized,50,50,1.0168194057352127,0.8061796296417103,0.5826300644740571,0.9998283365139382
1,itr,1.0,baseline,50,5,1.0168194057352127,0.8061796296417103,0.6766348533050548,0.7180354488410191
1,itr,1.0,baseline,50,10,1.0168194057352127,0.8061796296417103,0.6345402211786093,0.8792411108856945
1,itr,1.0,baseline,50,15,1.0168194057352127,0.8061796296417103,0.6105271716618482,0.9446330934310034
1,itr,1.0,baseline,50,20,1.0168194057352127,0.8061796296417103,0.5974107262222559,0.9743606750296467
1,itr,1.0,baseline,50,25,1.0168194057352127,0.8061796296417103,0.5901057784152103,0.988129843244757
1,itr,1.0,baseline,50,30,1.0168194057352127,0.8061796296417103,0.5860738582842663,0.9947309777449419
1,itr,1.0,baseline,50,35,1.0168194057352127,0.8061796296417103,0.5840431180424794,0.9972466826545769
1,itr,1.0,baseline,50,40,1.0168194057352127,0.8061796296417103,0.583241313752368,0.9988642555268049
1,itr,1.0,baseline,50,45,1.0168194057352127,0.8061796296417103,0.5829354975081869,0.9996564424007119
1,itr,1.0,baseline,50,50,1.0168194057352127,0.8061796296417103,0.5826300644740571,0.9998283365139382
1,itr,1.0,optimized,60,5,1.013851558977247,0.8042437048416327,0.6759985860728172,0.7185473108432199
1,itr,1.0,optimized,60,10,1.013851558977247,0.8042437048416327,0.6346462657173156,0.879351382019615
1,itr,1.0,optimized,60,15,1.013851558977247,0.8042437048416327,0.6103857789435733,0.9446783582546316
1,itr,1.0,optimized,60,20,1.013851558977247,0.8042437048416327,0.5972516594141964,0.9741496272870852
1,itr,1.0,optimized,60,25,1.013851558977247,0.8042437048416327,0.5900633605997276,0.9879990235895344
1,itr,1.0,optimized,60,30,1.013851558977247,0.8042437048416327,0.5859324655659914,0.9944722055361825
1,itr,1.0,optimized,60,35,1.013851558977247,0.8042437048416327,0.5841037149217402,0.9973490048235512
1,itr,1.0,optimized,60,40,1.013851558977247,0.8042437048416327,0.5832678248870445,0.9989082833507205
1,itr,1.0,optimized,60,45,1.013851558977247,0.8042437048416327,0.5829354975081869,0.9996564424007119
1,itr,1.0,optimized,60,50,1.013851558977247,0.8042437048416327,0.5826088555663158,0.9997903599075277
1,itr,1.0,baseline,60,5,1.013851558977247,0.8042437048416327,0.6759985860728172,0.7185473108432199
1,itr,1.0,baseline,60,10,1.013851558977247,0.8042437048416327,0.6346462657173156,0.879351382019615
1,itr,1.0,baseline,60,15,1.013851558977247,0.8042437048416327,0.6103857789435733,0.9446783582546316
1,itr,1.0,baseline,60,20,1.013851558977247,0.8042437048416327,0.5972516594141964,0.9741496272870852
1,itr,1.0,baseline,60,25,1.013851558977247,0.8042437048416327,0.5900633605997276,0.9879990235895344
1,itr,1.0,baseline,60,30,1.013851558977247,0.8042437048416327,0.5859324655659914,0.9944722055361825
1,itr,1.0,baseline,60,35,1.013851558977247,0.8042437048416327,0.5841037149217402,0.9973490048235512
1,itr,1.0,baseline,60,40,1.013851558977247,0.8042437048416327,0.5832678248870445,0.9989082833507205
1,itr,1.0,baseline,60,45,1.013851558977247,0.8042437048416327,0.5829354975081869,0.9996564424007119
1,itr,1.0,baseline,60,50,1.013851558977247,0.8042437048416327,0.5826088555663158,0.9997903599075277
1,itr,1.0,optimized,70,5,1.0120251633176942,0.8036479706653822,0.6757864969954047,0.7167293502738016
1,itr,1.0,optimized,70,10,1.0120251633176942,0.8036479706653822,0.6329495530980155,0.8776140629171647
1,itr,1.0,optimized,70,15,1.0120251633176942,0.8036479706653822,0.6103150825844358,0.9441525537303052
1,itr,1.0,optimized,70,20,1.0120251633176942,0.8036479706653822,0.5979409489157871,0.9750989164887509
1,itr,1.0,optimized,70,25,1.0120251633176942,0.8036479706653822,0.5902330318616577,0.9882068416556281
1,itr,1.0,optimized,70,30,1.0120251633176942,0.8036479706653822,0.5858971173864226,0.994398380682622
1,itr,1.0,optimized,70,35,1.0120251633176942,0.8036479706653822,0.5840431180424794,0.9972792329881869
1,itr,1.0,optimized,70,40,1.0120251633176942,0.8036479706653822,0.5832678248870445,0.9989489725718744
1,itr,1.0,optimized,70,45,1.0120251633176942,0.8036479706653822,0.582911932055141,0.9995777765731474
1,itr,1.0,optimized,70,50,1.0120251633176942,0.8036479706653822,0.5826088555663158,0.9997903599075277
1,itr,1.0,baseline,70,5,1.0120251633176942,0.8036479706653822,0.6757864969954047,0.7167293502738016
1,itr,1.0,baseline,70,10,1.0120251633176942,0.8036479706653822,0.6329495530980155,0.8776140629171647
1,itr,1.0,baseline,70,15,1.0120251633176942,0.8036479706653822,0.6103150825844358,0.9441525537303052
1,itr,1.0,baseline,70,20,1.0120251633176942,0.8036479706653822,0.5979409489157871,0.9750989164887509
1,itr,1.0,baseline,70,25,1.0120251633176942,0.8036479706653822,0.5902330318616577,0.9882068416556281
1,itr,1.0,baseline,70,30,1.0120251633176942,0.8036479706653822,0.5858971173864226,0.994398380682622
1,itr,1.0,baseline,70,35,1.0120251633176942,0.8036479706653822,0.5840431180424794,0.9972792329881869
1,itr,1.0,baseline,70,40,1.0120251633176942,0.8036479706653822,0.5832678248870445,0.9989489725718744
1,itr,1.0,baseline,70,45,1.0120251633176942,0.8036479706653822,0.582911932055141,0.9995777765731474
1,itr,1.0,baseline,70,50,1.0120251633176942,0.8036479706653822,0.5826088555663158,0.9997903599075277
1,itr,1.0000000000000004,optimized,80,5,1.0112448225760475,0.8037155338477016,0.6779073877695299,0.7191438551488109
1,itr,1.0000000000000004,optimized,80,10,1.0112448225760475,0.8037155338477016,0.6332676867141342,0.8780558270908716
1,itr,1.0000000000000004,optimized,80,15,1.0112448225760475,0.8037155338477016,0.6103150825844358,0.9443135337158834
1,itr,1.0000000000000004,optimized,80,20,1.0112448225760475,0.8037155338477016,0.5979409489157871,0.9751658523269815
1,itr,1.0000000000000004,optimized,80,25,1.0112448225760475,0.8037155338477016,0.5903178674926228,0.9884488307112096
1,itr,1.0000000000000004,optimized,80,30,1.0112448225760475,0.8037155338477016,0.585826421027285,0.994333807468269
1,itr,1.0000000000000004,optimized,80,35,1.0112448225760475,0.8037155338477016,0.5840734164821098,0.9973578988157512
1,itr,1.0000000000000004,optimized,80,40,1.0112448225760475,0.8037155338477016,0.5832678248870445,0.9989489725718744
1,itr,1.0000000000000004,optimized,80,45,1.0112448225760475,0.8037155338477016,0.582911932055141,0.9995777765731474
1,itr,1.0000000000000004,optimized,80,50,1.0112448225760475,0.8037155338477016,0.5826300644740571,0.9998193420545253
1,itr,1.0,baseline,80,5,1.0112448225760475,0.8037155338477016,0.6779073877695299,0.7191438551488109
1,itr,1.0,baseline,80,10,1.0112448225760475,0.8037155338477016,0.6332676867141342,0.8780558270908716
1,itr,1.0,baseline,80,15,1.0112448225760475,0.8037155338477016,0.6103150825844358,0.9443135337158834
1,itr,1.0,baseline,80,20,1.0112448225760475,0.8037155338477016,0.5979409489157871,0.9751658523269815
1,itr,1.0,baseline,80,25,1.0112448225760475,0.8037155338477016,0.5903178674926228,0.9884488307112096
1,itr,1.0,baseline,80,30,1.0112448225760475,0.8037155338477016,0.585826421027285,0.994333807468269
1,itr,1.0,baseline,80,35,1.0112448225760475,0.8037155338477016,0.5840734164821098,0.9973578988157512
1,itr,1.0,baseline,80,40,1.0112448225760475,0.8037155338477016,0.5832678248870445,0.9989489725718744
1,itr,1.0,baseline,80,45,1.0112448225760475,0.8037155338477016,0.582911932055141,0.9995777765731474
1,itr,1.0,baseline,80,50,1.0112448225760475,0.8037155338477016,0.5826300644740571,0.9998193420545253
1,itr,1.0000000000000004,optimized,90,5,1.0108162305454016,0.8038718233701172,0.6781194768469424,0.7186519435006598
1,itr,1.0000000000000004,optimized,90,10,1.0108162305454016,0.8038718233701172,0.6328435085593093,0.8777664195600499
1,itr,1.0000000000000004,optimized,90,15,1.0108162305454016,0.8038718233701172,0.6098202080704732,0.9436203721079771
1,itr,1.0000000000000004,optimized,90,20,1.0108162305454016,0.8038718233701172,0.597834904377081,0.9751364414547411
1,itr,1.0000000000000004,optimized,90,25,1.0108162305454016,0.8038718233701172,0.5902330318616577,0.9883613000269365
1,itr,1.0000000000000004,optimized,90,30,1.0108162305454016,0.8038718233701172,0.5858617692068538,0.9944456339677609
1,itr,1.0000000000000004,optimized,90,35,1.0108162305454016,0.8038718233701172,0.5841340133613705,0.9974309338261849
1,itr,1.0000000000000004,optimized,90,40,1.0108162305454016,0.8038718233701172,0.5832678248870445,0.9989489725718744
1,itr,1.0000000000000004,optimized,90,45,1.0108162305454016,0.8038718233701172,0.5828883666020952,0.9995397999667369
1,itr,1.0000000000000004,optimized,90,50,1.0108162305454016,0.8038718233701172,0.5826300644740571,0.9998193420545253
1,itr,1.0,baseline,90,5,1.0108162305454016,0.8038718233701172,0.6781194768469424,0.7186519435006598
1,itr,1.0,baseline,90,10,1.0108162305454016,0.8038718233701172,0.6328435085593093,0.8777664195600499
1,itr,1.0,baseline,90,15,1.0108162305454016,0.8038718233701172,0.6098202080704732,0.9436203721079771
1,itr,1.0,baseline,90,20,1.0108162305454016,0.8038718233701172,0.597834904377081,0.9751364414547411
1,itr,1.0,baseline,90,25,1.0108162305454016,0.8038718233701172,0.5902330318616577,0.9883613000269365
1,itr,1.0,baseline,90,30,1.0108162305454016,0.8038718233701172,0.5858617692068538,0.9944456339677609
1,itr,1.0,baseline,90,35,1.0108162305454016,0.8038718233701172,0.5841340133613705,0.9974309338261849
1,itr,1.0,baseline,90,40,1.0108162305454016,0.8038718233701172,0.5832678248870445,0.9989489725718744
1,itr,1.0,baseline,90,45,1.0108162305454016,0.8038718233701172,0.5828883666020952,0.9995397999667369
1,itr,1.0,baseline,90,50,1.0108162305454016,0.8038718233701172,0.5826300644740571,0.9998193420545253
1,itr,1.0,optimized,100,5,1.0105851855755326,0.8041064699815188,0.6768469423824672,0.7171912239094336
1,itr,1.0,optimized,100,10,1.0105851855755326,0.8041064699815188,0.6321011967883654,0.8770122587370649
1,itr,1.0,optimized,100,15,1.0105851855755326,0.8041064699815188,0.6101736898661607,0.9440777711391561
1,itr,1.0,optimized,100,20,1.0105851855755326,0.8041064699815188,0.5978349043770809,0.9750991292282859
1,itr,1.0,optimized,100,25,1.0105851855755326,0.8041064699815188,0.5903178674926228,0.9883838295194507
1,itr,1.0,optimized,100,30,1.0105851855755326,0.8041064699815188,0.5858971173864227,0.9945366395329824
1,itr,1.0,optimized,100,35,1.0105851855755326,0.8041064699815188,0.5841340133613705,0.9974309338261849
1,itr,1.0,optimized,100,40,1.0105851855755326,0.8041064699815188,0.5832678248870445,0.9989489725718744
1,itr,1.0,optimized,100,45,1.0105851855755326,0.8041064699815188,0.5828883666020952,0.9995397999667369
1,itr,1.0,optimized,100,50,1.0105851855755326,0.8041064699815188,0.5826300644740571,0.9998193420545253
1,itr,1.0,baseline,100,5,1.0105851855755326,0.8041064699815188,0.6768469423824672,0.7171912239094336
1,itr,1.0,baseline,100,10,1.0105851855755326,0.8041064699815188,0.6321011967883654,0.8770122587370649
1,itr,1.0,baseline,100,15,1.0105851855755326,0.8041064699815188,0.6101736898661607,0.9440777711391561
1,itr,1.0,baseline,100,20,1.0105851855755326,0.8041064699815188,0.5978349043770809,0.9750991292282859
1,itr,1.0,baseline,100,25,1.0105851855755326,0.8041064699815188,0.5903178674926228,0.9883838295194507
1,itr,1.0,baseline,100,30,1.0105851855755326,0.8041064699815188,0.5858971173864227,0.9945366395329824
1,itr,1.0,baseline,100,35,1.0105851855755326,0.8041064699815188,0.5841340133613705,0.9974309338261849
1,itr,1.0,baseline,100,40,1.0105851855755326,0.8041064699815188,0.5832678248870445,0.9989489725718744
1,itr,1.0,baseline,100,45,1.0105851855755326,0.8041064699815188,0.5828883666020952,0.9995397999667369
1,itr,1.0,baseline,100,50,1.0105851855755326,0.8041064699815188,0.5826300644740571,0.9998193420545253
